0.2224
0.21801
0.21239
0.20365
0.18539
0.13142
0.056677
0.47037
0.73897
0.77234
0.77086
0.76788
0.7632
0.7567
0.74837
0.7384
0.72713
0.71503
0.70266
0.69058
0.67934
0.6694
0.66114
0.65485
0.65073
0.6489
0.64941
0.65226
0.65739
0.6647
0.67404
0.68522
0.69799
0.71207
0.72714
0.74283
0.75878
0.7746
0.78992
0.80444
0.81787
0.83003
0.84082
0.85021
0.85826
0.86507
0.87078
0.87555
0.87956
0.88293
0.88582
0.88831
0.89051
0.89248
0.89427
0.89592
0.89746
0.89891
0.90028
0.90159
0.90285
0.90405
0.90521
0.90633
0.90741
0.90846
0.90946
0.91043
0.91137
0.91227
0.91314
0.91397
0.91477
0.91553
0.91625
0.91692
0.91755
0.91813
0.91865
0.9191
0.91948
0.91977
0.91996
0.92003
0.91997
0.91975
0.91935
0.91875
0.91791
0.91682
0.91543
0.91373
0.91168
0.90926
0.90645
0.90322
0.89957
0.89548
0.89095
0.88598
0.28059
0.27596
0.27019
0.26156
0.24423
0.19417
0.016826
0.3963
0.68041
0.71699
0.71391
0.70817
0.69918
0.68649
0.67
0.65002
0.62731
0.6029
0.57797
0.55363
0.53085
0.51034
0.49263
0.47803
0.46672
0.45879
0.45423
0.45302
0.4551
0.46038
0.46877
0.48015
0.49438
0.51129
0.53063
0.55211
0.57538
0.60001
0.62548
0.65124
0.67671
0.70133
0.72457
0.74599
0.76529
0.78231
0.79701
0.80949
0.81993
0.82859
0.83573
0.84162
0.84651
0.85061
0.85409
0.8571
0.85974
0.8621
0.86424
0.86621
0.86805
0.86977
0.87139
0.87294
0.87442
0.87583
0.87719
0.87849
0.87975
0.88095
0.8821
0.88321
0.88426
0.88527
0.88621
0.8871
0.88792
0.88867
0.88934
0.88992
0.89039
0.89074
0.89095
0.89101
0.89088
0.89055
0.88999
0.88916
0.88805
0.88661
0.88483
0.88267
0.88012
0.87715
0.87374
0.86989
0.86559
0.86084
0.85565
0.85002
0.35335
0.34861
0.34279
0.33435
0.31797
0.27164
0.10508
0.30593
0.60603
0.64511
0.63918
0.62828
0.61088
0.58591
0.5533
0.51424
0.47097
0.42618
0.38232
0.34133
0.3044
0.27219
0.24489
0.22242
0.20455
0.191
0.18149
0.17577
0.17363
0.17492
0.17952
0.18738
0.19847
0.21279
0.23036
0.25118
0.27522
0.3024
0.33255
0.36541
0.40055
0.43744
0.47539
0.51362
0.55126
0.58748
0.62151
0.65272
0.68069
0.70521
0.72629
0.74411
0.75897
0.77124
0.78132
0.78961
0.79645
0.80213
0.80692
0.811
0.81454
0.81766
0.82045
0.82298
0.82531
0.82746
0.82947
0.83136
0.83314
0.83483
0.83643
0.83795
0.83939
0.84074
0.84201
0.84319
0.84427
0.84524
0.8461
0.84682
0.8474
0.8478
0.84802
0.84801
0.84777
0.84726
0.84645
0.84531
0.84381
0.84194
0.83966
0.83696
0.83382
0.83023
0.82618
0.82167
0.81672
0.81133
0.80551
0.79929
0.43928
0.43462
0.42896
0.42088
0.40555
0.36288
0.20713
0.20008
0.51652
0.55649
0.54509
0.52374
0.48887
0.43882
0.37556
0.3045
0.23226
0.16432
0.10401
0.052596
0.0099958
0.024594
0.052227
0.073957
0.090717
0.10329
0.11229
0.11821
0.12141
0.12212
0.12053
0.11672
0.11071
0.10246
0.091874
0.078808
0.063076
0.044456
0.022712
0.002397
0.03108
0.063483
0.099649
0.13947
0.18265
0.22866
0.27677
0.32602
0.37534
0.42358
0.46965
0.51262
0.55177
0.58669
0.6172
0.6434
0.66557
0.68412
0.69952
0.71224
0.72275
0.73146
0.73873
0.74484
0.75005
0.75454
0.75846
0.76192
0.76502
0.76782
0.77037
0.7727
0.77484
0.77679
0.77859
0.78021
0.78167
0.78294
0.78404
0.78493
0.7856
0.78603
0.78619
0.78606
0.78562
0.78483
0.78368
0.78213
0.78017
0.77777
0.77493
0.77164
0.76789
0.76369
0.75904
0.75395
0.74844
0.74254
0.73627
0.72965
0.5339
0.52956
0.5243
0.51679
0.50269
0.46366
0.31876
0.082879
0.41587
0.45307
0.43018
0.38586
0.31352
0.21598
0.10687
0.0023979
0.087016
0.15822
0.2126
0.25326
0.28335
0.30549
0.32169
0.33344
0.34181
0.34755
0.35122
0.35322
0.35382
0.35323
0.35156
0.34892
0.34532
0.34077
0.33523
0.32862
0.32084
0.31173
0.30109
0.28869
0.27424
0.25739
0.23779
0.21502
0.18869
0.15843
0.12395
0.085099
0.041908
0.0053486
0.056125
0.1096
0.16474
0.2203
0.27504
0.32772
0.37729
0.42291
0.46406
0.50048
0.53219
0.55939
0.58247
0.60187
0.61809
0.63161
0.64288
0.6523
0.66021
0.6669
0.67258
0.67745
0.68165
0.68528
0.68842
0.69114
0.69346
0.69541
0.69701
0.69826
0.69915
0.69967
0.69982
0.69958
0.69893
0.69785
0.69634
0.69438
0.69197
0.6891
0.68578
0.682
0.67779
0.67315
0.66811
0.66269
0.65692
0.65082
0.64443
0.63777
0.63005
0.62627
0.62161
0.6149
0.60218
0.56678
0.43267
0.038362
0.31131
0.33649
0.28654
0.18947
0.04639
0.10989
0.24325
0.34029
0.40537
0.44767
0.47503
0.49278
0.5043
0.51169
0.51628
0.51891
0.52012
0.52028
0.51964
0.51836
0.51657
0.51434
0.51175
0.50881
0.50556
0.502
0.49813
0.49393
0.48937
0.48439
0.47894
0.47293
0.46625
0.45874
0.45024
0.44051
0.42929
0.41626
0.40104
0.38323
0.36236
0.33799
0.3097
0.27714
0.24009
0.19851
0.1526
0.1028
0.049831
0.0053561
0.061638
0.1178
0.17263
0.22501
0.27404
0.31902
0.35953
0.3954
0.42671
0.45368
0.47668
0.49612
0.51247
0.52615
0.53757
0.54709
0.555
0.56156
0.56696
0.57137
0.57491
0.57767
0.57972
0.58111
0.58188
0.58207
0.5817
0.58077
0.57933
0.57737
0.57491
0.57199
0.56862
0.56482
0.56062
0.55605
0.55113
0.54591
0.5404
0.53465
0.52868
0.52253
0.71979
0.71669
0.71277
0.70697
0.69569
0.66384
0.54033
0.15502
0.21144
0.19813
0.080784
0.11543
0.32263
0.47099
0.55632
0.60181
0.62601
0.63909
0.64617
0.64985
0.65147
0.65179
0.65125
0.65009
0.6485
0.64657
0.64439
0.64199
0.63942
0.6367
0.63385
0.63087
0.62779
0.6246
0.6213
0.61789
0.61437
0.61072
0.60693
0.60297
0.59882
0.59444
0.58977
0.58476
0.57931
0.57331
0.56664
0.55911
0.55051
0.5406
0.52906
0.51556
0.4997
0.48108
0.45928
0.43391
0.40461
0.37117
0.33349
0.29166
0.246
0.19705
0.14558
0.092519
0.038951
0.014015
0.065301
0.11395
0.1592
0.20051
0.23758
0.27031
0.29883
0.32337
0.34427
0.3619
0.37664
0.38887
0.39891
0.40707
0.41359
0.41868
0.42253
0.42527
0.42705
0.42796
0.42809
0.42752
0.42632
0.42454
0.42226
0.41951
0.41635
0.41282
0.40897
0.40483
0.40045
0.39585
0.39107
0.38615
0.79675
0.79434
0.79117
0.78627
0.7764
0.74788
0.63463
0.25979
0.12163
0.0029624
0.24423
0.49763
0.64689
0.71178
0.73836
0.74962
0.75445
0.7563
0.75661
0.75606
0.75497
0.75353
0.75184
0.74996
0.74794
0.7458
0.74356
0.74124
0.73884
0.73636
0.73382
0.73122
0.72856
0.72585
0.72307
0.72024
0.71736
0.71441
0.7114
0.70832
0.70516
0.70192
0.69859
0.69513
0.69154
0.68779
0.68383
0.67962
0.67509
0.67017
0.66475
0.65871
0.6519
0.64413
0.63518
0.62479
0.61267
0.59849
0.5819
0.56254
0.54007
0.51419
0.48466
0.45137
0.41436
0.37382
0.33019
0.28409
0.23632
0.18782
0.1396
0.092656
0.047876
0.0059979
0.032446
0.067139
0.097967
0.12498
0.14837
0.16839
0.18535
0.19958
0.21139
0.22109
0.22893
0.23517
0.24
0.24362
0.24618
0.24783
0.24868
0.24884
0.24839
0.24743
0.24602
0.24423
0.2421
0.2397
0.23706
0.23422
0.85776
0.85595
0.85344
0.84935
0.84075
0.81528
0.71177
0.34873
0.060659
0.31444
0.60231
0.75718
0.81065
0.82772
0.83346
0.83528
0.83551
0.83499
0.83406
0.83289
0.83155
0.8301
0.82854
0.82691
0.82521
0.82346
0.82164
0.81977
0.81786
0.81589
0.81388
0.81183
0.80973
0.80759
0.8054
0.80318
0.80091
0.79859
0.79623
0.79383
0.79138
0.78887
0.78632
0.7837
0.78102
0.77827
0.77544
0.77251
0.76946
0.76628
0.76294
0.75939
0.7556
0.75151
0.74704
0.7421
0.73659
0.73038
0.7233
0.71517
0.70576
0.69484
0.68211
0.66729
0.65005
0.6301
0.60715
0.581
0.55155
0.51882
0.48301
0.44454
0.40398
0.36208
0.31971
0.27774
0.23703
0.1983
0.16214
0.12893
0.098882
0.072047
0.048354
0.02764
0.0096847
0.0057588
0.018947
0.030132
0.039549
0.047416
0.053929
0.059261
0.063569
0.066987
0.069634
0.071616
0.073021
0.073931
0.074415
0.074533
0.90294
0.9016
0.89961
0.89619
0.88867
0.86591
0.77157
0.32692
0.31886
0.62424
0.80742
0.86837
0.88513
0.88994
0.89126
0.89134
0.89089
0.89018
0.88932
0.88835
0.8873
0.8862
0.88504
0.88384
0.88259
0.8813
0.87997
0.87861
0.8772
0.87577
0.87429
0.87278
0.87124
0.86965
0.86804
0.86639
0.8647
0.86298
0.86122
0.85942
0.85758
0.85571
0.8538
0.85184
0.84984
0.8478
0.8457
0.84356
0.84135
0.83908
0.83673
0.8343
0.83177
0.82913
0.82634
0.8234
0.82025
0.81686
0.81318
0.80915
0.80467
0.79967
0.794
0.78754
0.78012
0.77152
0.76151
0.74984
0.73623
0.72037
0.702
0.68089
0.65687
0.62993
0.60019
0.56795
0.53368
0.49802
0.46166
0.42537
0.38986
0.35575
0.32353
0.29355
0.26601
0.24099
0.21847
0.19835
0.18051
0.16475
0.1509
0.13878
0.1282
0.11898
0.11099
0.10406
0.098078
0.092924
0.088496
0.084705
0.9346
0.9336
0.932
0.92909
0.92247
0.87903
0.70839
0.1864
0.5305
0.80219
0.89381
0.91967
0.92672
0.92874
0.92921
0.92909
0.92871
0.92818
0.92757
0.9269
0.92619
0.92543
0.92464
0.92381
0.92296
0.92207
0.92116
0.92022
0.91925
0.91825
0.91722
0.91617
0.91509
0.91398
0.91284
0.91167
0.91048
0.90925
0.908
0.90672
0.9054
0.90406
0.90268
0.90128
0.89984
0.89836
0.89685
0.8953
0.89371
0.89208
0.89041
0.88868
0.88691
0.88507
0.88317
0.88119
0.87913
0.87697
0.87469
0.87228
0.86971
0.86693
0.86393
0.86063
0.85698
0.8529
0.84828
0.84301
0.83692
0.82983
0.82153
0.81178
0.80029
0.78681
0.77107
0.75286
0.73207
0.7087
0.68289
0.65495
0.62532
0.59456
0.56326
0.53204
0.50146
0.47197
0.44396
0.41767
0.39326
0.3708
0.35028
0.33163
0.31478
0.2996
0.28596
0.27373
0.26278
0.25299
0.24424
0.23643
0.9559
0.95512
0.95381
0.94287
0.90624
0.82064
0.59996
0.037424
0.66447
0.88506
0.93431
0.94837
0.9525
0.95377
0.9541
0.95405
0.95382
0.9535
0.95311
0.95268
0.95222
0.95173
0.95121
0.95067
0.95011
0.94952
0.94892
0.94829
0.94764
0.94698
0.94629
0.94558
0.94485
0.9441
0.94333
0.94253
0.94171
0.94088
0.94002
0.93913
0.93822
0.93729
0.93634
0.93536
0.93435
0.93332
0.93226
0.93118
0.93006
0.92892
0.92774
0.92654
0.92529
0.92401
0.92269
0.92133
0.91992
0.91846
0.91695
0.91536
0.91371
0.91197
0.91012
0.90817
0.90607
0.9038
0.90132
0.89859
0.89554
0.89208
0.88813
0.88355
0.87818
0.87184
0.86431
0.85534
0.84468
0.83209
0.81736
0.80037
0.78108
0.7596
0.73615
0.71107
0.6848
0.65783
0.63064
0.60369
0.57739
0.55207
0.52796
0.50524
0.48399
0.46426
0.44605
0.42929
0.41394
0.39991
0.3871
0.37543
0.96984
0.96277
0.94869
0.9212
0.86406
0.74139
0.48004
0.072434
0.73157
0.92576
0.95641
0.96577
0.96878
0.96982
0.97015
0.97019
0.97009
0.96991
0.96968
0.96942
0.96913
0.96882
0.96849
0.96815
0.96779
0.96741
0.96702
0.96661
0.96619
0.96575
0.9653
0.96483
0.96435
0.96386
0.96334
0.96281
0.96227
0.96171
0.96113
0.96054
0.95993
0.9593
0.95865
0.95798
0.9573
0.9566
0.95587
0.95513
0.95436
0.95358
0.95277
0.95194
0.95108
0.9502
0.9493
0.94836
0.9474
0.9464
0.94537
0.9443
0.94319
0.94204
0.94084
0.93957
0.93825
0.93684
0.93535
0.93374
0.932
0.93009
0.92796
0.92557
0.92285
0.91969
0.91597
0.91156
0.90628
0.89992
0.89226
0.88308
0.87216
0.85934
0.84451
0.82768
0.80894
0.78849
0.76663
0.74371
0.72013
0.69629
0.67255
0.64923
0.62661
0.60489
0.58421
0.56468
0.54634
0.5292
0.51325
0.49846
0.96582
0.95449
0.93348
0.89246
0.81041
0.65248
0.37386
0.1376
0.76186
0.94793
0.96949
0.97659
0.97907
0.98001
0.98037
0.98047
0.98045
0.98037
0.98025
0.98009
0.97992
0.97973
0.97953
0.97931
0.97908
0.97884
0.97859
0.97833
0.97806
0.97777
0.97748
0.97718
0.97686
0.97654
0.9762
0.97585
0.97549
0.97512
0.97474
0.97434
0.97394
0.97352
0.97309
0.97264
0.97218
0.97171
0.97122
0.97072
0.9702
0.96967
0.96912
0.96856
0.96798
0.96738
0.96676
0.96612
0.96547
0.96479
0.96409
0.96337
0.96262
0.96184
0.96103
0.9602
0.95932
0.9584
0.95744
0.95642
0.95534
0.95417
0.95291
0.95153
0.94999
0.94826
0.94627
0.94395
0.9412
0.93791
0.93394
0.9291
0.92322
0.91608
0.9075
0.89731
0.88539
0.8717
0.85628
0.83924
0.82079
0.80119
0.78075
0.75979
0.73863
0.71755
0.69681
0.67662
0.65713
0.63848
0.62073
0.60395
0.96024
0.94435
0.91468
0.85765
0.75002
0.56608
0.29132
0.17067
0.77332
0.95894
0.97758
0.9834
0.98558
0.98646
0.98684
0.98698
0.98702
0.987
0.98694
0.98685
0.98675
0.98664
0.98651
0.98638
0.98623
0.98608
0.98592
0.98575
0.98558
0.98539
0.9852
0.98501
0.9848
0.98459
0.98437
0.98414
0.9839
0.98366
0.98341
0.98315
0.98288
0.9826
0.98231
0.98201
0.98171
0.98139
0.98107
0.98073
0.98038
0.98002
0.97965
0.97927
0.97888
0.97848
0.97806
0.97763
0.97718
0.97672
0.97625
0.97575
0.97525
0.97472
0.97418
0.97361
0.97303
0.97241
0.97178
0.9711
0.9704
0.96965
0.96885
0.96799
0.96705
0.96601
0.96485
0.96353
0.962
0.96019
0.95802
0.9554
0.95219
0.94825
0.94341
0.93749
0.93033
0.92177
0.91171
0.90009
0.88692
0.87229
0.85633
0.83927
0.82133
0.80277
0.78386
0.76485
0.74595
0.72737
0.70927
0.69176
0.95383
0.93253
0.89289
0.81883
0.6884
0.48979
0.23111
0.18382
0.77452
0.9625
0.98274
0.98775
0.98973
0.99057
0.99095
0.99112
0.99119
0.9912
0.99118
0.99114
0.99109
0.99102
0.99094
0.99086
0.99077
0.99067
0.99057
0.99046
0.99035
0.99023
0.9901
0.98997
0.98984
0.9897
0.98955
0.9894
0.98925
0.98909
0.98892
0.98875
0.98857
0.98838
0.98819
0.98799
0.98778
0.98757
0.98735
0.98713
0.98689
0.98665
0.9864
0.98615
0.98588
0.98561
0.98532
0.98503
0.98473
0.98441
0.98409
0.98376
0.98341
0.98306
0.98269
0.9823
0.9819
0.98149
0.98106
0.98061
0.98014
0.97964
0.97911
0.97855
0.97795
0.97729
0.97657
0.97576
0.97484
0.97378
0.97253
0.97103
0.9692
0.96696
0.96419
0.96075
0.9565
0.95129
0.94497
0.9374
0.9285
0.91822
0.90656
0.89359
0.87942
0.86422
0.84819
0.83153
0.81447
0.79722
0.77996
0.76287
0.94674
0.91941
0.86906
0.77842
0.62993
0.42616
0.18824
0.1851
0.76949
0.96455
0.98613
0.99057
0.9924
0.99321
0.99359
0.99378
0.99386
0.9939
0.9939
0.99389
0.99386
0.99382
0.99377
0.99372
0.99366
0.9936
0.99353
0.99346
0.99339
0.99331
0.99323
0.99314
0.99306
0.99296
0.99287
0.99277
0.99266
0.99255
0.99244
0.99232
0.9922
0.99208
0.99195
0.99182
0.99168
0.99153
0.99139
0.99123
0.99107
0.99091
0.99074
0.99056
0.99038
0.9902
0.99
0.9898
0.9896
0.98938
0.98916
0.98893
0.9887
0.98845
0.9882
0.98793
0.98766
0.98738
0.98708
0.98678
0.98646
0.98612
0.98576
0.98539
0.98499
0.98455
0.98408
0.98356
0.98298
0.98232
0.98155
0.98064
0.97955
0.97822
0.97658
0.97453
0.97197
0.96878
0.96483
0.95999
0.95412
0.94713
0.93893
0.92949
0.91882
0.90699
0.89409
0.88026
0.86566
0.85047
0.83488
0.81907
0.93921
0.90547
0.84431
0.73864
0.57718
0.3747
0.15784
0.17934
0.76018
0.96566
0.98842
0.99245
0.99416
0.99493
0.99531
0.9955
0.9956
0.99565
0.99567
0.99566
0.99565
0.99563
0.9956
0.99557
0.99554
0.9955
0.99545
0.99541
0.99536
0.9953
0.99525
0.99519
0.99513
0.99507
0.995
0.99494
0.99486
0.99479
0.99472
0.99464
0.99455
0.99447
0.99438
0.99429
0.99419
0.9941
0.99399
0.99389
0.99378
0.99367
0.99355
0.99343
0.9933
0.99317
0.99304
0.9929
0.99276
0.99261
0.99246
0.9923
0.99214
0.99197
0.99179
0.99161
0.99142
0.99122
0.99102
0.9908
0.99058
0.99035
0.9901
0.98985
0.98957
0.98928
0.98896
0.98861
0.98823
0.9878
0.9873
0.98672
0.98604
0.98521
0.98419
0.98292
0.98134
0.97935
0.97685
0.97373
0.96988
0.96517
0.9595
0.95279
0.94499
0.93606
0.92604
0.91498
0.90297
0.89013
0.87661
0.86256
0.93151
0.89125
0.8197
0.70115
0.53118
0.33367
0.13617
0.16945
0.7476
0.96613
0.99002
0.99373
0.99534
0.99608
0.99645
0.99664
0.99675
0.9968
0.99683
0.99684
0.99683
0.99682
0.99681
0.99679
0.99677
0.99674
0.99671
0.99668
0.99665
0.99661
0.99657
0.99653
0.99649
0.99645
0.99641
0.99636
0.99631
0.99626
0.99621
0.99615
0.99609
0.99603
0.99597
0.99591
0.99584
0.99577
0.9957
0.99563
0.99555
0.99547
0.99539
0.99531
0.99522
0.99513
0.99504
0.99494
0.99484
0.99473
0.99463
0.99452
0.9944
0.99428
0.99416
0.99403
0.99389
0.99376
0.99361
0.99346
0.99331
0.99314
0.99297
0.99279
0.9926
0.99239
0.99217
0.99193
0.99167
0.99138
0.99104
0.99066
0.99021
0.98967
0.98901
0.98819
0.98718
0.98589
0.98427
0.98223
0.97967
0.97649
0.97258
0.96784
0.9622
0.95558
0.94795
0.93932
0.92969
0.91915
0.90777
0.89567
0.92391
0.87728
0.79614
0.66697
0.49198
0.30113
0.1206
0.15718
0.73229
0.96611
0.99094
0.99463
0.99615
0.99687
0.99723
0.99742
0.99752
0.99758
0.99761
0.99762
0.99763
0.99762
0.99761
0.9976
0.99759
0.99757
0.99755
0.99753
0.99751
0.99748
0.99746
0.99743
0.9974
0.99737
0.99734
0.99731
0.99727
0.99724
0.9972
0.99716
0.99712
0.99708
0.99703
0.99699
0.99694
0.99689
0.99684
0.99679
0.99673
0.99668
0.99662
0.99656
0.9965
0.99643
0.99637
0.9963
0.99622
0.99615
0.99607
0.99599
0.99591
0.99582
0.99574
0.99564
0.99555
0.99545
0.99534
0.99524
0.99513
0.99501
0.99488
0.99475
0.99462
0.99447
0.99431
0.99415
0.99396
0.99375
0.99352
0.99326
0.99295
0.99258
0.99214
0.99159
0.99091
0.99006
0.98897
0.9876
0.98586
0.98368
0.98096
0.9776
0.97353
0.96865
0.9629
0.95624
0.94866
0.94015
0.93077
0.91978
0.91668
0.86402
0.7743
0.63663
0.45908
0.27535
0.10934
0.14367
0.71455
0.96569
0.99125
0.99528
0.99673
0.99741
0.99776
0.99795
0.99805
0.99811
0.99814
0.99816
0.99817
0.99817
0.99816
0.99816
0.99815
0.99814
0.99812
0.99811
0.99809
0.99808
0.99806
0.99804
0.99802
0.998
0.99797
0.99795
0.99792
0.9979
0.99787
0.99784
0.99781
0.99778
0.99775
0.99772
0.99768
0.99765
0.99761
0.99757
0.99753
0.99749
0.99745
0.99741
0.99736
0.99731
0.99727
0.99722
0.99716
0.99711
0.99705
0.99699
0.99693
0.99687
0.99681
0.99674
0.99667
0.9966
0.99652
0.99644
0.99636
0.99627
0.99618
0.99609
0.99599
0.99588
0.99577
0.99564
0.99551
0.99536
0.99519
0.99501
0.99479
0.99453
0.99422
0.99384
0.99337
0.99278
0.99203
0.99108
0.98987
0.98834
0.98641
0.98401
0.98104
0.97743
0.97311
0.968
0.96178
0.95412
0.94546
0.93582
0.91004
0.85185
0.75463
0.61029
0.43178
0.25491
0.10115
0.12965
0.69456
0.9649
0.99151
0.99576
0.99714
0.99781
0.99814
0.99832
0.99842
0.99848
0.99851
0.99853
0.99854
0.99855
0.99855
0.99854
0.99854
0.99853
0.99852
0.99851
0.9985
0.99849
0.99847
0.99846
0.99844
0.99843
0.99841
0.99839
0.99838
0.99836
0.99834
0.99832
0.99829
0.99827
0.99825
0.99822
0.9982
0.99817
0.99814
0.99812
0.99809
0.99806
0.99802
0.99799
0.99796
0.99792
0.99789
0.99785
0.99781
0.99777
0.99773
0.99768
0.99764
0.99759
0.99754
0.99749
0.99744
0.99739
0.99733
0.99727
0.99721
0.99714
0.99708
0.99701
0.99693
0.99685
0.99677
0.99667
0.99657
0.99646
0.99634
0.9962
0.99604
0.99585
0.99563
0.99535
0.99502
0.99459
0.99406
0.99338
0.99252
0.99142
0.99003
0.98828
0.98609
0.9834
0.97966
0.97505
0.96962
0.9633
0.95606
0.94787
0.90419
0.84106
0.73743
0.58788
0.40937
0.23871
0.095209
0.11561
0.67245
0.96376
0.99172
0.99613
0.99745
0.99809
0.99842
0.99859
0.99869
0.99875
0.99878
0.9988
0.99881
0.99882
0.99882
0.99882
0.99881
0.99881
0.9988
0.99879
0.99878
0.99878
0.99877
0.99876
0.99874
0.99873
0.99872
0.99871
0.99869
0.99868
0.99866
0.99865
0.99863
0.99861
0.9986
0.99858
0.99856
0.99854
0.99852
0.9985
0.99847
0.99845
0.99843
0.9984
0.99838
0.99835
0.99832
0.99829
0.99826
0.99823
0.9982
0.99817
0.99813
0.9981
0.99806
0.99802
0.99798
0.99794
0.9979
0.99785
0.9978
0.99775
0.9977
0.99765
0.99759
0.99753
0.99747
0.9974
0.99732
0.99724
0.99714
0.99704
0.99692
0.99677
0.99661
0.9964
0.99615
0.99584
0.99545
0.99495
0.99432
0.99351
0.99248
0.99116
0.98909
0.98653
0.98342
0.97967
0.97521
0.96997
0.96388
0.95691
0.89928
0.83184
0.72282
0.56923
0.39119
0.22591
0.090943
0.10189
0.64834
0.96225
0.99189
0.99642
0.99769
0.9983
0.99862
0.99879
0.99888
0.99894
0.99897
0.99899
0.999
0.99901
0.99901
0.99901
0.99901
0.99901
0.999
0.999
0.99899
0.99898
0.99898
0.99897
0.99896
0.99895
0.99894
0.99893
0.99892
0.99891
0.9989
0.99888
0.99887
0.99886
0.99884
0.99883
0.99881
0.9988
0.99878
0.99877
0.99875
0.99873
0.99871
0.99869
0.99867
0.99865
0.99863
0.99861
0.99858
0.99856
0.99854
0.99851
0.99848
0.99845
0.99843
0.9984
0.99836
0.99833
0.9983
0.99826
0.99823
0.99819
0.99815
0.99811
0.99806
0.99801
0.99796
0.99791
0.99785
0.99778
0.99771
0.99763
0.99753
0.99742
0.9973
0.99714
0.99695
0.99671
0.99642
0.99604
0.99556
0.99492
0.99381
0.99244
0.99073
0.98863
0.98606
0.98296
0.97923
0.97482
0.96966
0.96369
0.8954
0.82432
0.71083
0.55407
0.37667
0.2159
0.087954
0.088695
0.62234
0.96035
0.99202
0.99663
0.99788
0.99847
0.99877
0.99893
0.99902
0.99908
0.99911
0.99913
0.99914
0.99915
0.99915
0.99915
0.99915
0.99915
0.99915
0.99914
0.99914
0.99913
0.99913
0.99912
0.99911
0.99911
0.9991
0.99909
0.99908
0.99907
0.99906
0.99905
0.99904
0.99903
0.99902
0.99901
0.999
0.99899
0.99897
0.99896
0.99895
0.99893
0.99892
0.9989
0.99889
0.99887
0.99885
0.99884
0.99882
0.9988
0.99878
0.99876
0.99874
0.99871
0.99869
0.99867
0.99864
0.99862
0.99859
0.99856
0.99853
0.9985
0.99847
0.99844
0.9984
0.99836
0.99832
0.99828
0.99823
0.99818
0.99812
0.99805
0.99798
0.99789
0.99779
0.99767
0.99752
0.99733
0.9971
0.99681
0.9962
0.99544
0.99449
0.99332
0.99188
0.99011
0.98794
0.98531
0.98216
0.9784
0.97397
0.96881
0.89262
0.81857
0.70143
0.54217
0.36535
0.2082
0.085966
0.076173
0.5946
0.95803
0.99212
0.99672
0.99802
0.99859
0.99889
0.99904
0.99913
0.99918
0.99921
0.99923
0.99924
0.99925
0.99925
0.99926
0.99926
0.99925
0.99925
0.99925
0.99925
0.99924
0.99924
0.99923
0.99923
0.99922
0.99922
0.99921
0.9992
0.9992
0.99919
0.99918
0.99917
0.99916
0.99915
0.99915
0.99914
0.99913
0.99912
0.9991
0.99909
0.99908
0.99907
0.99906
0.99904
0.99903
0.99902
0.999
0.99899
0.99897
0.99896
0.99894
0.99892
0.9989
0.99888
0.99886
0.99884
0.99882
0.9988
0.99878
0.99876
0.99873
0.9987
0.99868
0.99865
0.99862
0.99858
0.99855
0.99851
0.99847
0.99842
0.99837
0.9983
0.99823
0.99815
0.99805
0.99793
0.99778
0.99746
0.99702
0.99647
0.9958
0.99497
0.99395
0.9927
0.99117
0.9893
0.98703
0.9843
0.98105
0.9772
0.97269
0.89097
0.81459
0.69457
0.53327
0.35684
0.20244
0.084788
0.064404
0.56528
0.95523
0.99217
0.9968
0.99814
0.99869
0.99898
0.99913
0.99921
0.99926
0.99929
0.99931
0.99932
0.99933
0.99933
0.99933
0.99933
0.99933
0.99933
0.99933
0.99933
0.99932
0.99932
0.99932
0.99931
0.99931
0.9993
0.9993
0.99929
0.99928
0.99928
0.99927
0.99927
0.99926
0.99925
0.99924
0.99924
0.99923
0.99922
0.99921
0.9992
0.99919
0.99918
0.99917
0.99916
0.99915
0.99914
0.99912
0.99911
0.9991
0.99909
0.99907
0.99906
0.99904
0.99903
0.99901
0.99899
0.99898
0.99896
0.99894
0.99892
0.9989
0.99888
0.99885
0.99883
0.9988
0.99878
0.99875
0.99871
0.99868
0.99864
0.9986
0.99854
0.99849
0.99842
0.99834
0.99819
0.99791
0.99758
0.99717
0.99667
0.99606
0.99532
0.99441
0.9933
0.99194
0.9903
0.9883
0.9859
0.98304
0.97964
0.97565
0.89044
0.81237
0.69013
0.52717
0.35084
0.19839
0.084289
0.053424
0.53459
0.9519
0.99219
0.99687
0.99824
0.99877
0.99904
0.99919
0.99927
0.99932
0.99935
0.99937
0.99938
0.99938
0.99939
0.99939
0.99939
0.99939
0.99939
0.99939
0.99939
0.99938
0.99938
0.99938
0.99937
0.99937
0.99936
0.99936
0.99936
0.99935
0.99935
0.99934
0.99933
0.99933
0.99932
0.99932
0.99931
0.9993
0.9993
0.99929
0.99928
0.99927
0.99926
0.99925
0.99925
0.99924
0.99923
0.99922
0.99921
0.99919
0.99918
0.99917
0.99916
0.99915
0.99913
0.99912
0.99911
0.99909
0.99908
0.99906
0.99904
0.99903
0.99901
0.99899
0.99897
0.99894
0.99892
0.9989
0.99887
0.99884
0.9988
0.99877
0.99872
0.99867
0.99862
0.99846
0.99824
0.99798
0.99766
0.99728
0.99682
0.99626
0.99557
0.99475
0.99374
0.99252
0.99104
0.98925
0.98711
0.98454
0.98151
0.97793
0.89099
0.81185
0.68802
0.52368
0.34713
0.19583
0.084381
0.043237
0.50279
0.94795
0.99218
0.99693
0.99831
0.99883
0.9991
0.99924
0.99932
0.99936
0.99939
0.99941
0.99942
0.99942
0.99943
0.99943
0.99943
0.99943
0.99943
0.99943
0.99943
0.99943
0.99942
0.99942
0.99942
0.99941
0.99941
0.99941
0.9994
0.9994
0.99939
0.99939
0.99939
0.99938
0.99937
0.99937
0.99936
0.99936
0.99935
0.99934
0.99934
0.99933
0.99932
0.99932
0.99931
0.9993
0.99929
0.99928
0.99927
0.99926
0.99926
0.99924
0.99923
0.99922
0.99921
0.9992
0.99919
0.99918
0.99916
0.99915
0.99913
0.99912
0.9991
0.99909
0.99907
0.99905
0.99903
0.99901
0.99898
0.99896
0.99893
0.9989
0.99886
0.99882
0.99867
0.99849
0.99828
0.99802
0.99772
0.99736
0.99693
0.9964
0.99577
0.995
0.99407
0.99295
0.9916
0.98997
0.98802
0.9857
0.98295
0.97971
0.89257
0.81297
0.68813
0.52264
0.34552
0.19464
0.085008
0.033817
0.47015
0.94331
0.99212
0.99698
0.99838
0.99888
0.99914
0.99927
0.99935
0.99939
0.99942
0.99944
0.99945
0.99945
0.99946
0.99946
0.99946
0.99946
0.99946
0.99946
0.99946
0.99946
0.99945
0.99945
0.99945
0.99945
0.99944
0.99944
0.99944
0.99943
0.99943
0.99943
0.99942
0.99942
0.99941
0.99941
0.9994
0.9994
0.99939
0.99939
0.99938
0.99937
0.99937
0.99936
0.99936
0.99935
0.99934
0.99933
0.99933
0.99932
0.99931
0.9993
0.99929
0.99928
0.99927
0.99926
0.99925
0.99924
0.99923
0.99922
0.9992
0.99919
0.99918
0.99916
0.99914
0.99913
0.99911
0.99909
0.99907
0.99905
0.99902
0.99899
0.99896
0.99883
0.99868
0.99851
0.9983
0.99806
0.99777
0.99742
0.99701
0.99651
0.99591
0.99519
0.99433
0.99328
0.99203
0.99053
0.98873
0.9866
0.98407
0.9811
0.8951
0.81562
0.69034
0.52391
0.34589
0.19473
0.086139
0.025122
0.43699
0.93786
0.99202
0.99702
0.99843
0.99892
0.99917
0.9993
0.99937
0.99942
0.99944
0.99946
0.99947
0.99947
0.99948
0.99948
0.99948
0.99948
0.99948
0.99948
0.99948
0.99948
0.99948
0.99947
0.99947
0.99947
0.99947
0.99946
0.99946
0.99946
0.99945
0.99945
0.99945
0.99944
0.99944
0.99944
0.99943
0.99943
0.99942
0.99942
0.99941
0.99941
0.9994
0.99939
0.99939
0.99938
0.99938
0.99937
0.99936
0.99935
0.99935
0.99934
0.99933
0.99932
0.99931
0.9993
0.9993
0.99929
0.99927
0.99926
0.99925
0.99924
0.99923
0.99922
0.9992
0.99919
0.99917
0.99915
0.99914
0.99911
0.99909
0.99907
0.99896
0.99884
0.9987
0.99853
0.99833
0.99809
0.99781
0.99747
0.99707
0.9966
0.99602
0.99534
0.99452
0.99354
0.99236
0.99096
0.98929
0.9873
0.98496
0.9822
0.89849
0.8197
0.69453
0.52739
0.34815
0.19603
0.087764
0.017093
0.40365
0.93148
0.99188
0.99705
0.99847
0.99895
0.99919
0.99932
0.99939
0.99943
0.99946
0.99947
0.99948
0.99949
0.99949
0.99949
0.99949
0.99949
0.99949
0.99949
0.99949
0.99949
0.99949
0.99949
0.99949
0.99948
0.99948
0.99948
0.99948
0.99947
0.99947
0.99947
0.99946
0.99946
0.99946
0.99945
0.99945
0.99945
0.99944
0.99944
0.99943
0.99943
0.99942
0.99942
0.99941
0.99941
0.9994
0.99939
0.99939
0.99938
0.99937
0.99937
0.99936
0.99935
0.99934
0.99934
0.99933
0.99932
0.99931
0.9993
0.99929
0.99928
0.99927
0.99926
0.99924
0.99923
0.99922
0.9992
0.99918
0.99916
0.99914
0.99907
0.99897
0.99885
0.9987
0.99854
0.99834
0.99811
0.99783
0.99751
0.99712
0.99666
0.99611
0.99546
0.99467
0.99374
0.99262
0.9913
0.98972
0.98786
0.98566
0.98308
0.90265
0.82508
0.7006
0.53299
0.35224
0.19853
0.089886
0.009659
0.37046
0.92403
0.99168
0.99706
0.9985
0.99897
0.99921
0.99933
0.9994
0.99944
0.99946
0.99948
0.99949
0.99949
0.9995
0.9995
0.9995
0.9995
0.9995
0.9995
0.9995
0.9995
0.9995
0.9995
0.99949
0.99949
0.99949
0.99949
0.99949
0.99948
0.99948
0.99948
0.99947
0.99947
0.99947
0.99946
0.99946
0.99946
0.99945
0.99945
0.99944
0.99944
0.99944
0.99943
0.99943
0.99942
0.99942
0.99941
0.9994
0.9994
0.99939
0.99939
0.99938
0.99937
0.99936
0.99936
0.99935
0.99934
0.99933
0.99932
0.99931
0.99931
0.99929
0.99928
0.99927
0.99926
0.99925
0.99923
0.99922
0.9992
0.99917
0.99908
0.99897
0.99885
0.99871
0.99855
0.99835
0.99813
0.99786
0.99754
0.99716
0.99671
0.99618
0.99555
0.99479
0.9939
0.99283
0.99157
0.99007
0.9883
0.98622
0.98379
0.90745
0.83164
0.70841
0.54061
0.35813
0.20222
0.092525
0.0027429
0.33777
0.91535
0.99143
0.99707
0.99852
0.99899
0.99922
0.99934
0.9994
0.99944
0.99947
0.99948
0.99949
0.99949
0.9995
0.9995
0.9995
0.9995
0.9995
0.9995
0.9995
0.9995
0.9995
0.9995
0.9995
0.99949
0.99949
0.99949
0.99949
0.99949
0.99948
0.99948
0.99948
0.99948
0.99947
0.99947
0.99947
0.99946
0.99946
0.99945
0.99945
0.99945
0.99944
0.99944
0.99943
0.99943
0.99942
0.99942
0.99941
0.99941
0.9994
0.9994
0.99939
0.99938
0.99938
0.99937
0.99936
0.99936
0.99935
0.99934
0.99933
0.99932
0.99931
0.9993
0.99929
0.99928
0.99927
0.99926
0.99924
0.99923
0.99917
0.99908
0.99898
0.99886
0.99872
0.99855
0.99836
0.99814
0.99787
0.99756
0.99719
0.99675
0.99623
0.99562
0.99489
0.99402
0.993
0.99178
0.99035
0.98866
0.98668
0.98436
0.91277
0.83923
0.71783
0.55021
0.36581
0.20713
0.095713
0.0037391
0.3059
0.90527
0.99112
0.99707
0.99853
0.99899
0.99922
0.99934
0.9994
0.99944
0.99946
0.99948
0.99948
0.99949
0.99949
0.9995
0.9995
0.9995
0.9995
0.9995
0.9995
0.9995
0.9995
0.99949
0.99949
0.99949
0.99949
0.99949
0.99949
0.99948
0.99948
0.99948
0.99948
0.99947
0.99947
0.99947
0.99947
0.99946
0.99946
0.99946
0.99945
0.99945
0.99944
0.99944
0.99944
0.99943
0.99943
0.99942
0.99942
0.99941
0.99941
0.9994
0.9994
0.99939
0.99938
0.99938
0.99937
0.99936
0.99936
0.99935
0.99934
0.99933
0.99932
0.99931
0.9993
0.99929
0.99928
0.99927
0.99926
0.99924
0.99917
0.99908
0.99898
0.99886
0.99872
0.99856
0.99837
0.99815
0.99789
0.99758
0.99721
0.99679
0.99628
0.99568
0.99496
0.99412
0.99313
0.99195
0.99057
0.98895
0.98704
0.98482
0.91849
0.84768
0.72873
0.5617
0.37528
0.21328
0.099493
0.0098745
0.27514
0.8936
0.99074
0.99705
0.99854
0.99899
0.99922
0.99933
0.9994
0.99943
0.99946
0.99947
0.99948
0.99948
0.99949
0.99949
0.99949
0.99949
0.99949
0.99949
0.99949
0.99949
0.99949
0.99949
0.99949
0.99948
0.99948
0.99948
0.99948
0.99948
0.99948
0.99947
0.99947
0.99947
0.99947
0.99946
0.99946
0.99946
0.99945
0.99945
0.99945
0.99944
0.99944
0.99944
0.99943
0.99943
0.99942
0.99942
0.99941
0.99941
0.9994
0.9994
0.99939
0.99939
0.99938
0.99938
0.99937
0.99936
0.99936
0.99935
0.99934
0.99933
0.99933
0.99932
0.99931
0.9993
0.99929
0.99928
0.99926
0.99924
0.99917
0.99908
0.99898
0.99886
0.99872
0.99856
0.99837
0.99815
0.9979
0.99759
0.99723
0.99681
0.99631
0.99572
0.99502
0.9942
0.99323
0.99209
0.99075
0.98918
0.98734
0.98521
0.92448
0.85684
0.74095
0.575
0.38657
0.22075
0.10392
0.015754
0.24574
0.88013
0.99027
0.99702
0.99853
0.99899
0.99921
0.99933
0.99939
0.99942
0.99944
0.99946
0.99947
0.99947
0.99947
0.99948
0.99948
0.99948
0.99948
0.99948
0.99948
0.99948
0.99948
0.99948
0.99947
0.99947
0.99947
0.99947
0.99947
0.99947
0.99946
0.99946
0.99946
0.99946
0.99946
0.99945
0.99945
0.99945
0.99944
0.99944
0.99944
0.99944
0.99943
0.99943
0.99942
0.99942
0.99942
0.99941
0.99941
0.9994
0.9994
0.99939
0.99939
0.99938
0.99938
0.99937
0.99937
0.99936
0.99935
0.99935
0.99934
0.99933
0.99932
0.99932
0.99931
0.9993
0.99929
0.99928
0.99926
0.99924
0.99917
0.99908
0.99898
0.99886
0.99872
0.99856
0.99838
0.99816
0.9979
0.9976
0.99725
0.99683
0.99634
0.99576
0.99507
0.99427
0.99332
0.99221
0.9909
0.98937
0.98759
0.98552
0.93062
0.86653
0.75433
0.59004
0.3997
0.22959
0.10906
0.021472
0.21789
0.86467
0.9897
0.99698
0.99852
0.99898
0.9992
0.99931
0.99938
0.99941
0.99943
0.99944
0.99945
0.99946
0.99946
0.99946
0.99946
0.99946
0.99946
0.99946
0.99946
0.99946
0.99946
0.99946
0.99946
0.99946
0.99946
0.99946
0.99945
0.99945
0.99945
0.99945
0.99945
0.99945
0.99944
0.99944
0.99944
0.99944
0.99943
0.99943
0.99943
0.99942
0.99942
0.99942
0.99941
0.99941
0.99941
0.9994
0.9994
0.99939
0.99939
0.99938
0.99938
0.99937
0.99937
0.99936
0.99936
0.99935
0.99935
0.99934
0.99933
0.99932
0.99932
0.99931
0.9993
0.99929
0.99928
0.99927
0.99926
0.99924
0.99917
0.99908
0.99898
0.99886
0.99872
0.99857
0.99838
0.99816
0.99791
0.99761
0.99726
0.99684
0.99636
0.99578
0.99511
0.99432
0.99339
0.9923
0.99102
0.98953
0.98779
0.98578
0.93679
0.87659
0.76868
0.60672
0.41469
0.23991
0.11501
0.027124
0.19172
0.847
0.98902
0.99692
0.99851
0.99897
0.99919
0.9993
0.99936
0.99939
0.99941
0.99942
0.99943
0.99944
0.99944
0.99944
0.99944
0.99945
0.99945
0.99945
0.99945
0.99945
0.99944
0.99944
0.99944
0.99944
0.99944
0.99944
0.99944
0.99944
0.99943
0.99943
0.99943
0.99943
0.99943
0.99942
0.99942
0.99942
0.99942
0.99941
0.99941
0.99941
0.9994
0.9994
0.9994
0.99939
0.99939
0.99939
0.99938
0.99938
0.99937
0.99937
0.99937
0.99936
0.99936
0.99935
0.99934
0.99934
0.99933
0.99933
0.99932
0.99931
0.99931
0.9993
0.99929
0.99928
0.99927
0.99926
0.99925
0.99924
0.99917
0.99908
0.99898
0.99886
0.99872
0.99857
0.99838
0.99816
0.99791
0.99761
0.99726
0.99685
0.99637
0.99581
0.99514
0.99436
0.99344
0.99237
0.99112
0.98966
0.98796
0.98599
0.94288
0.88683
0.7838
0.62492
0.43156
0.25179
0.12184
0.03281
0.16733
0.82695
0.98821
0.99684
0.99848
0.99895
0.99917
0.99928
0.99934
0.99937
0.99939
0.9994
0.99941
0.99942
0.99942
0.99942
0.99942
0.99942
0.99942
0.99943
0.99942
0.99942
0.99942
0.99942
0.99942
0.99942
0.99942
0.99942
0.99942
0.99942
0.99941
0.99941
0.99941
0.99941
0.99941
0.99941
0.9994
0.9994
0.9994
0.9994
0.99939
0.99939
0.99939
0.99938
0.99938
0.99938
0.99937
0.99937
0.99937
0.99936
0.99936
0.99935
0.99935
0.99934
0.99934
0.99933
0.99933
0.99932
0.99932
0.99931
0.99931
0.9993
0.99929
0.99928
0.99928
0.99927
0.99926
0.99925
0.99924
0.99923
0.99916
0.99908
0.99898
0.99886
0.99872
0.99856
0.99838
0.99816
0.99791
0.99762
0.99727
0.99686
0.99638
0.99582
0.99516
0.99439
0.99349
0.99243
0.9912
0.98976
0.9881
0.98617
0.9488
0.89709
0.79949
0.64449
0.45032
0.26535
0.12966
0.038635
0.14472
0.80435
0.98724
0.99675
0.99845
0.99892
0.99915
0.99926
0.99932
0.99935
0.99937
0.99938
0.99939
0.99939
0.9994
0.9994
0.9994
0.9994
0.9994
0.9994
0.9994
0.9994
0.9994
0.9994
0.9994
0.9994
0.9994
0.9994
0.9994
0.99939
0.99939
0.99939
0.99939
0.99939
0.99939
0.99938
0.99938
0.99938
0.99938
0.99937
0.99937
0.99937
0.99937
0.99936
0.99936
0.99936
0.99935
0.99935
0.99935
0.99934
0.99934
0.99933
0.99933
0.99932
0.99932
0.99931
0.99931
0.9993
0.9993
0.99929
0.99929
0.99928
0.99927
0.99927
0.99926
0.99925
0.99924
0.99923
0.99922
0.99921
0.99916
0.99907
0.99897
0.99886
0.99872
0.99856
0.99838
0.99816
0.99791
0.99762
0.99727
0.99686
0.99639
0.99583
0.99518
0.99441
0.99352
0.99248
0.99126
0.98985
0.98821
0.98631
0.95445
0.9072
0.81552
0.66526
0.47096
0.28069
0.13861
0.044709
0.12386
0.7791
0.98608
0.99664
0.99841
0.9989
0.99912
0.99923
0.99929
0.99932
0.99934
0.99936
0.99936
0.99937
0.99937
0.99937
0.99937
0.99938
0.99938
0.99938
0.99938
0.99938
0.99938
0.99938
0.99937
0.99937
0.99937
0.99937
0.99937
0.99937
0.99937
0.99937
0.99936
0.99936
0.99936
0.99936
0.99936
0.99935
0.99935
0.99935
0.99935
0.99934
0.99934
0.99934
0.99934
0.99933
0.99933
0.99933
0.99932
0.99932
0.99931
0.99931
0.99931
0.9993
0.9993
0.99929
0.99929
0.99928
0.99928
0.99927
0.99927
0.99926
0.99925
0.99924
0.99924
0.99923
0.99922
0.99921
0.9992
0.99919
0.99916
0.99907
0.99897
0.99885
0.99872
0.99856
0.99838
0.99816
0.99791
0.99761
0.99727
0.99687
0.99639
0.99584
0.99519
0.99443
0.99355
0.99251
0.99131
0.98991
0.9883
0.98643
0.95978
0.91702
0.83167
0.68703
0.49343
0.29793
0.14881
0.05115
0.10467
0.75114
0.98469
0.9965
0.99837
0.99886
0.99909
0.99921
0.99926
0.9993
0.99932
0.99933
0.99933
0.99934
0.99934
0.99935
0.99935
0.99935
0.99935
0.99935
0.99935
0.99935
0.99935
0.99935
0.99935
0.99935
0.99935
0.99934
0.99934
0.99934
0.99934
0.99934
0.99934
0.99934
0.99933
0.99933
0.99933
0.99933
0.99933
0.99932
0.99932
0.99932
0.99932
0.99931
0.99931
0.99931
0.9993
0.9993
0.9993
0.99929
0.99929
0.99929
0.99928
0.99928
0.99927
0.99927
0.99926
0.99926
0.99925
0.99925
0.99924
0.99924
0.99923
0.99922
0.99921
0.99921
0.9992
0.99919
0.99918
0.99917
0.99915
0.99907
0.99897
0.99885
0.99871
0.99856
0.99837
0.99816
0.99791
0.99761
0.99727
0.99687
0.99639
0.99584
0.9952
0.99444
0.99356
0.99254
0.99135
0.98997
0.98837
0.98653
0.96472
0.92641
0.8477
0.70956
0.51767
0.31718
0.16042
0.058084
0.087029
0.7205
0.98304
0.99634
0.99832
0.99883
0.99906
0.99917
0.99923
0.99927
0.99929
0.9993
0.99931
0.99931
0.99931
0.99932
0.99932
0.99932
0.99932
0.99932
0.99932
0.99932
0.99932
0.99932
0.99932
0.99932
0.99932
0.99932
0.99932
0.99931
0.99931
0.99931
0.99931
0.99931
0.99931
0.9993
0.9993
0.9993
0.9993
0.9993
0.99929
0.99929
0.99929
0.99929
0.99928
0.99928
0.99928
0.99927
0.99927
0.99927
0.99926
0.99926
0.99926
0.99925
0.99925
0.99924
0.99924
0.99923
0.99923
0.99922
0.99922
0.99921
0.9992
0.9992
0.99919
0.99918
0.99917
0.99916
0.99915
0.99914
0.99913
0.99907
0.99896
0.99885
0.99871
0.99855
0.99837
0.99815
0.9979
0.99761
0.99726
0.99686
0.99639
0.99584
0.9952
0.99445
0.99358
0.99256
0.99138
0.99001
0.98843
0.98661
0.96925
0.93527
0.8634
0.7326
0.54355
0.33854
0.1736
0.065651
0.070775
0.68729
0.98106
0.99615
0.99826
0.99879
0.99903
0.99914
0.9992
0.99924
0.99925
0.99927
0.99927
0.99928
0.99928
0.99928
0.99929
0.99929
0.99929
0.99929
0.99929
0.99929
0.99929
0.99929
0.99929
0.99929
0.99929
0.99929
0.99928
0.99928
0.99928
0.99928
0.99928
0.99928
0.99928
0.99927
0.99927
0.99927
0.99927
0.99927
0.99926
0.99926
0.99926
0.99926
0.99925
0.99925
0.99925
0.99924
0.99924
0.99924
0.99923
0.99923
0.99923
0.99922
0.99922
0.99921
0.99921
0.9992
0.9992
0.99919
0.99919
0.99918
0.99918
0.99917
0.99916
0.99915
0.99914
0.99914
0.99913
0.99911
0.9991
0.99906
0.99896
0.99884
0.99871
0.99855
0.99836
0.99815
0.9979
0.9976
0.99726
0.99686
0.99639
0.99584
0.9952
0.99445
0.99358
0.99257
0.9914
0.99004
0.98847
0.98667
0.97335
0.94351
0.87855
0.75586
0.57093
0.36207
0.18853
0.074002
0.055726
0.65173
0.97869
0.99592
0.99819
0.99874
0.99899
0.99911
0.99917
0.9992
0.99922
0.99923
0.99924
0.99925
0.99925
0.99925
0.99925
0.99925
0.99926
0.99926
0.99926
0.99926
0.99926
0.99926
0.99926
0.99926
0.99925
0.99925
0.99925
0.99925
0.99925
0.99925
0.99925
0.99925
0.99925
0.99924
0.99924
0.99924
0.99924
0.99924
0.99923
0.99923
0.99923
0.99923
0.99922
0.99922
0.99922
0.99921
0.99921
0.99921
0.9992
0.9992
0.9992
0.99919
0.99919
0.99918
0.99918
0.99917
0.99917
0.99916
0.99916
0.99915
0.99915
0.99914
0.99913
0.99912
0.99912
0.99911
0.9991
0.99909
0.99907
0.99906
0.99896
0.99884
0.9987
0.99854
0.99836
0.99814
0.99789
0.9976
0.99725
0.99685
0.99638
0.99584
0.9952
0.99445
0.99358
0.99258
0.99141
0.99006
0.9885
0.98671
0.977
0.95107
0.89298
0.77905
0.59958
0.38782
0.2054
0.083306
0.041679
0.6141
0.97584
0.99566
0.99812
0.9987
0.99895
0.99907
0.99913
0.99917
0.99919
0.9992
0.99921
0.99921
0.99922
0.99922
0.99922
0.99922
0.99922
0.99922
0.99922
0.99922
0.99922
0.99922
0.99922
0.99922
0.99922
0.99922
0.99922
0.99922
0.99922
0.99922
0.99922
0.99921
0.99921
0.99921
0.99921
0.99921
0.99921
0.9992
0.9992
0.9992
0.9992
0.99919
0.99919
0.99919
0.99919
0.99918
0.99918
0.99918
0.99917
0.99917
0.99917
0.99916
0.99916
0.99915
0.99915
0.99914
0.99914
0.99913
0.99913
0.99912
0.99912
0.99911
0.9991
0.99909
0.99909
0.99908
0.99907
0.99906
0.99904
0.99903
0.99895
0.99883
0.9987
0.99854
0.99835
0.99814
0.99788
0.99759
0.99725
0.99684
0.99638
0.99583
0.99519
0.99445
0.99358
0.99258
0.99141
0.99007
0.98852
0.98675
0.98023
0.9579
0.90653
0.80185
0.62925
0.41578
0.22439
0.093748
0.028411
0.57481
0.97242
0.99535
0.99803
0.99864
0.99891
0.99904
0.9991
0.99913
0.99915
0.99916
0.99917
0.99918
0.99918
0.99918
0.99919
0.99919
0.99919
0.99919
0.99919
0.99919
0.99919
0.99919
0.99919
0.99919
0.99919
0.99919
0.99919
0.99919
0.99919
0.99918
0.99918
0.99918
0.99918
0.99918
0.99918
0.99918
0.99917
0.99917
0.99917
0.99917
0.99916
0.99916
0.99916
0.99916
0.99915
0.99915
0.99915
0.99914
0.99914
0.99914
0.99913
0.99913
0.99913
0.99912
0.99912
0.99911
0.99911
0.9991
0.9991
0.99909
0.99908
0.99908
0.99907
0.99906
0.99905
0.99904
0.99903
0.99902
0.99901
0.999
0.99895
0.99883
0.99869
0.99853
0.99834
0.99813
0.99787
0.99758
0.99724
0.99683
0.99637
0.99582
0.99518
0.99444
0.99357
0.99257
0.99141
0.99007
0.98853
0.98677
0.98305
0.96401
0.91907
0.82396
0.6596
0.44592
0.24569
0.10553
0.015687
0.53429
0.96832
0.99498
0.99794
0.99859
0.99887
0.999
0.99906
0.9991
0.99912
0.99913
0.99914
0.99914
0.99915
0.99915
0.99915
0.99915
0.99915
0.99915
0.99915
0.99916
0.99916
0.99916
0.99916
0.99916
0.99915
0.99915
0.99915
0.99915
0.99915
0.99915
0.99915
0.99915
0.99915
0.99915
0.99914
0.99914
0.99914
0.99914
0.99914
0.99913
0.99913
0.99913
0.99913
0.99912
0.99912
0.99912
0.99912
0.99911
0.99911
0.99911
0.9991
0.9991
0.99909
0.99909
0.99908
0.99908
0.99908
0.99907
0.99906
0.99906
0.99905
0.99905
0.99904
0.99903
0.99902
0.99901
0.999
0.99899
0.99898
0.99897
0.99894
0.99882
0.99868
0.99852
0.99834
0.99812
0.99787
0.99757
0.99723
0.99682
0.99635
0.99581
0.99517
0.99442
0.99356
0.99256
0.9914
0.99007
0.98854
0.98678
0.98549
0.96941
0.93052
0.84512
0.69028
0.4781
0.26947
0.11889
0.0032591
0.49304
0.9634
0.99456
0.99784
0.99853
0.99882
0.99896
0.99903
0.99906
0.99908
0.99909
0.9991
0.99911
0.99911
0.99911
0.99912
0.99912
0.99912
0.99912
0.99912
0.99912
0.99912
0.99912
0.99912
0.99912
0.99912
0.99912
0.99912
0.99912
0.99912
0.99912
0.99912
0.99911
0.99911
0.99911
0.99911
0.99911
0.99911
0.99911
0.9991
0.9991
0.9991
0.9991
0.99909
0.99909
0.99909
0.99909
0.99908
0.99908
0.99908
0.99907
0.99907
0.99907
0.99906
0.99906
0.99905
0.99905
0.99904
0.99904
0.99903
0.99903
0.99902
0.99901
0.99901
0.999
0.99899
0.99898
0.99897
0.99896
0.99895
0.99893
0.99892
0.99882
0.99868
0.99852
0.99833
0.99811
0.99786
0.99756
0.99721
0.99681
0.99634
0.99579
0.99515
0.99441
0.99355
0.99255
0.99139
0.99006
0.98853
0.98678
0.98757
0.97411
0.94083
0.86507
0.72088
0.51214
0.29589
0.13406
0.0091329
0.45156
0.9575
0.99406
0.99773
0.99847
0.99878
0.99892
0.99899
0.99902
0.99905
0.99906
0.99907
0.99907
0.99908
0.99908
0.99908
0.99908
0.99908
0.99909
0.99909
0.99909
0.99909
0.99909
0.99909
0.99909
0.99909
0.99909
0.99909
0.99909
0.99908
0.99908
0.99908
0.99908
0.99908
0.99908
0.99908
0.99908
0.99907
0.99907
0.99907
0.99907
0.99907
0.99906
0.99906
0.99906
0.99906
0.99905
0.99905
0.99905
0.99904
0.99904
0.99904
0.99903
0.99903
0.99902
0.99902
0.99902
0.99901
0.99901
0.999
0.99899
0.99899
0.99898
0.99897
0.99897
0.99896
0.99895
0.99894
0.99893
0.99891
0.9989
0.99888
0.99881
0.99867
0.99851
0.99832
0.9981
0.99784
0.99755
0.9972
0.9968
0.99632
0.99577
0.99513
0.99439
0.99353
0.99253
0.99137
0.99004
0.98852
0.98677
0.98935
0.97817
0.94998
0.8836
0.751
0.54774
0.32506
0.1513
0.021765
0.41031
0.95044
0.99347
0.9976
0.9984
0.99873
0.99888
0.99895
0.99899
0.99901
0.99902
0.99903
0.99904
0.99904
0.99904
0.99905
0.99905
0.99905
0.99905
0.99905
0.99905
0.99905
0.99905
0.99905
0.99905
0.99905
0.99905
0.99905
0.99905
0.99905
0.99905
0.99905
0.99905
0.99905
0.99905
0.99904
0.99904
0.99904
0.99904
0.99904
0.99904
0.99903
0.99903
0.99903
0.99903
0.99902
0.99902
0.99902
0.99902
0.99901
0.99901
0.99901
0.999
0.999
0.99899
0.99899
0.99898
0.99898
0.99897
0.99897
0.99896
0.99896
0.99895
0.99894
0.99893
0.99893
0.99892
0.99891
0.99889
0.99888
0.99887
0.99885
0.9988
0.99866
0.9985
0.99831
0.99809
0.99783
0.99753
0.99719
0.99678
0.99631
0.99576
0.99511
0.99437
0.99351
0.99251
0.99135
0.99002
0.98849
0.98675
0.99084
0.98163
0.95801
0.90057
0.7802
0.58456
0.35703
0.1709
0.034929
0.36973
0.94202
0.99279
0.99747
0.99833
0.99868
0.99884
0.99891
0.99895
0.99898
0.99899
0.999
0.999
0.99901
0.99901
0.99901
0.99902
0.99902
0.99902
0.99902
0.99902
0.99902
0.99902
0.99902
0.99902
0.99902
0.99902
0.99902
0.99902
0.99902
0.99902
0.99902
0.99902
0.99902
0.99901
0.99901
0.99901
0.99901
0.99901
0.99901
0.999
0.999
0.999
0.999
0.999
0.99899
0.99899
0.99899
0.99898
0.99898
0.99898
0.99897
0.99897
0.99897
0.99896
0.99896
0.99895
0.99895
0.99894
0.99894
0.99893
0.99893
0.99892
0.99891
0.9989
0.99889
0.99889
0.99887
0.99886
0.99885
0.99884
0.99882
0.99879
0.99865
0.99849
0.9983
0.99808
0.99782
0.99752
0.99717
0.99676
0.99629
0.99573
0.99509
0.99434
0.99348
0.99248
0.99132
0.98999
0.98847
0.98672
0.9921
0.98456
0.96495
0.91587
0.8081
0.62214
0.39177
0.19313
0.048938
0.33013
0.932
0.99198
0.99731
0.99826
0.99863
0.9988
0.99888
0.99892
0.99894
0.99896
0.99897
0.99897
0.99898
0.99898
0.99898
0.99898
0.99898
0.99899
0.99899
0.99899
0.99899
0.99899
0.99899
0.99899
0.99899
0.99899
0.99899
0.99899
0.99899
0.99899
0.99899
0.99899
0.99898
0.99898
0.99898
0.99898
0.99898
0.99898
0.99898
0.99897
0.99897
0.99897
0.99897
0.99897
0.99896
0.99896
0.99896
0.99895
0.99895
0.99895
0.99894
0.99894
0.99894
0.99893
0.99893
0.99892
0.99892
0.99891
0.99891
0.9989
0.9989
0.99889
0.99888
0.99887
0.99886
0.99885
0.99884
0.99883
0.99882
0.9988
0.99879
0.99877
0.99864
0.99848
0.99829
0.99806
0.99781
0.9975
0.99715
0.99674
0.99627
0.99571
0.99507
0.99432
0.99345
0.99245
0.99129
0.98996
0.98843
0.98669
0.99314
0.98701
0.97089
0.92946
0.83433
0.65997
0.42918
0.21828
0.064128
0.29177
0.92015
0.99102
0.9971
0.99818
0.99858
0.99876
0.99884
0.99889
0.99891
0.99892
0.99893
0.99894
0.99894
0.99895
0.99895
0.99895
0.99895
0.99896
0.99896
0.99896
0.99896
0.99896
0.99896
0.99896
0.99896
0.99896
0.99896
0.99896
0.99896
0.99896
0.99896
0.99896
0.99896
0.99895
0.99895
0.99895
0.99895
0.99895
0.99895
0.99895
0.99894
0.99894
0.99894
0.99894
0.99893
0.99893
0.99893
0.99893
0.99892
0.99892
0.99892
0.99891
0.99891
0.9989
0.9989
0.9989
0.99889
0.99889
0.99888
0.99887
0.99887
0.99886
0.99885
0.99884
0.99884
0.99883
0.99882
0.9988
0.99879
0.99877
0.99876
0.99874
0.99863
0.99847
0.99827
0.99805
0.99779
0.99749
0.99713
0.99672
0.99624
0.99569
0.99504
0.99429
0.99342
0.99241
0.99125
0.98992
0.98839
0.98665
0.99401
0.98905
0.97591
0.94136
0.8586
0.69749
0.46901
0.24659
0.080861
0.25476
0.90622
0.98989
0.99685
0.99809
0.99854
0.99872
0.99881
0.99885
0.99888
0.99889
0.9989
0.99891
0.99891
0.99892
0.99892
0.99892
0.99892
0.99893
0.99893
0.99893
0.99893
0.99893
0.99893
0.99893
0.99893
0.99893
0.99893
0.99893
0.99893
0.99893
0.99893
0.99893
0.99893
0.99893
0.99893
0.99892
0.99892
0.99892
0.99892
0.99892
0.99892
0.99891
0.99891
0.99891
0.99891
0.9989
0.9989
0.9989
0.9989
0.99889
0.99889
0.99889
0.99888
0.99888
0.99887
0.99887
0.99886
0.99886
0.99885
0.99885
0.99884
0.99883
0.99883
0.99882
0.99881
0.9988
0.99879
0.99878
0.99876
0.99875
0.99873
0.99871
0.99862
0.99846
0.99826
0.99804
0.99777
0.99747
0.99711
0.9967
0.99622
0.99566
0.99501
0.99425
0.99338
0.99237
0.99121
0.98987
0.98834
0.9866
0.99473
0.99074
0.98012
0.95164
0.88068
0.7341
0.5109
0.27828
0.099527
0.21909
0.88994
0.98854
0.99656
0.998
0.99848
0.99869
0.99878
0.99883
0.99885
0.99887
0.99888
0.99888
0.99889
0.99889
0.99889
0.9989
0.9989
0.9989
0.9989
0.9989
0.9989
0.9989
0.9989
0.9989
0.9989
0.9989
0.9989
0.9989
0.9989
0.9989
0.9989
0.9989
0.9989
0.9989
0.9989
0.9989
0.9989
0.9989
0.99889
0.99889
0.99889
0.99889
0.99889
0.99888
0.99888
0.99888
0.99888
0.99887
0.99887
0.99887
0.99886
0.99886
0.99886
0.99885
0.99885
0.99884
0.99884
0.99883
0.99883
0.99882
0.99882
0.99881
0.9988
0.99879
0.99878
0.99877
0.99876
0.99875
0.99874
0.99872
0.9987
0.99868
0.99861
0.99844
0.99825
0.99802
0.99776
0.99745
0.99709
0.99668
0.99619
0.99563
0.99497
0.99422
0.99334
0.99233
0.99116
0.98982
0.98829
0.98654
0.99533
0.99213
0.9836
0.96038
0.90042
0.76923
0.55438
0.3135
0.12054
0.18465
0.87108
0.98693
0.99622
0.99791
0.99843
0.99865
0.99875
0.9988
0.99882
0.99884
0.99885
0.99886
0.99886
0.99887
0.99887
0.99887
0.99887
0.99887
0.99888
0.99888
0.99888
0.99888
0.99888
0.99888
0.99888
0.99888
0.99888
0.99888
0.99888
0.99888
0.99888
0.99888
0.99888
0.99888
0.99888
0.99888
0.99887
0.99887
0.99887
0.99887
0.99887
0.99887
0.99886
0.99886
0.99886
0.99886
0.99885
0.99885
0.99885
0.99885
0.99884
0.99884
0.99883
0.99883
0.99883
0.99882
0.99882
0.99881
0.99881
0.9988
0.99879
0.99879
0.99878
0.99877
0.99876
0.99875
0.99874
0.99873
0.99871
0.99869
0.99868
0.99865
0.9986
0.99843
0.99823
0.998
0.99774
0.99743
0.99707
0.99665
0.99616
0.9956
0.99494
0.99418
0.9933
0.99228
0.99111
0.98977
0.98823
0.98648
0.99582
0.99327
0.98646
0.96772
0.91779
0.80233
0.5988
0.35227
0.14433
0.15121
0.84939
0.98502
0.99583
0.9978
0.99838
0.99862
0.99872
0.99877
0.9988
0.99882
0.99883
0.99883
0.99884
0.99884
0.99885
0.99885
0.99885
0.99885
0.99885
0.99886
0.99886
0.99886
0.99886
0.99886
0.99886
0.99886
0.99886
0.99886
0.99886
0.99886
0.99886
0.99886
0.99886
0.99886
0.99886
0.99885
0.99885
0.99885
0.99885
0.99885
0.99885
0.99885
0.99884
0.99884
0.99884
0.99884
0.99883
0.99883
0.99883
0.99883
0.99882
0.99882
0.99881
0.99881
0.99881
0.9988
0.9988
0.99879
0.99879
0.99878
0.99877
0.99877
0.99876
0.99875
0.99874
0.99873
0.99872
0.9987
0.99869
0.99867
0.99865
0.99863
0.99859
0.99841
0.99822
0.99799
0.99772
0.99741
0.99704
0.99662
0.99613
0.99556
0.9949
0.99413
0.99325
0.99223
0.99105
0.9897
0.98816
0.9864
0.99622
0.99419
0.98879
0.97381
0.93282
0.83294
0.64345
0.3945
0.17134
0.1184
0.82468
0.98273
0.99537
0.99769
0.99833
0.99858
0.99869
0.99875
0.99878
0.9988
0.99881
0.99881
0.99882
0.99882
0.99883
0.99883
0.99883
0.99883
0.99883
0.99884
0.99884
0.99884
0.99884
0.99884
0.99884
0.99884
0.99884
0.99884
0.99884
0.99884
0.99884
0.99884
0.99884
0.99884
0.99884
0.99884
0.99884
0.99883
0.99883
0.99883
0.99883
0.99883
0.99883
0.99882
0.99882
0.99882
0.99882
0.99881
0.99881
0.99881
0.9988
0.9988
0.9988
0.99879
0.99879
0.99878
0.99878
0.99877
0.99877
0.99876
0.99875
0.99875
0.99874
0.99873
0.99872
0.99871
0.9987
0.99868
0.99867
0.99865
0.99863
0.99861
0.99857
0.9984
0.9982
0.99797
0.9977
0.99738
0.99702
0.99659
0.9961
0.99552
0.99486
0.99409
0.9932
0.99217
0.99099
0.98964
0.98809
0.98632
0.99656
0.99495
0.99068
0.97881
0.94559
0.8607
0.68751
0.43994
0.202
0.085769
0.79678
0.97997
0.99484
0.99757
0.99828
0.99855
0.99867
0.99873
0.99876
0.99878
0.99879
0.9988
0.9988
0.99881
0.99881
0.99881
0.99881
0.99882
0.99882
0.99882
0.99882
0.99882
0.99882
0.99882
0.99882
0.99882
0.99882
0.99882
0.99882
0.99882
0.99882
0.99882
0.99882
0.99882
0.99882
0.99882
0.99882
0.99882
0.99882
0.99882
0.99881
0.99881
0.99881
0.99881
0.99881
0.9988
0.9988
0.9988
0.9988
0.99879
0.99879
0.99879
0.99878
0.99878
0.99877
0.99877
0.99876
0.99876
0.99875
0.99875
0.99874
0.99873
0.99872
0.99871
0.9987
0.99869
0.99868
0.99867
0.99865
0.99863
0.99861
0.99859
0.99856
0.99838
0.99818
0.99795
0.99767
0.99735
0.99699
0.99656
0.99606
0.99548
0.99481
0.99404
0.99314
0.99211
0.99092
0.98956
0.98801
0.98624
0.99683
0.99556
0.9922
0.98286
0.95629
0.88538
0.73015
0.4881
0.23669
0.052779
0.76557
0.97666
0.99422
0.99743
0.99822
0.99852
0.99865
0.99871
0.99874
0.99876
0.99877
0.99878
0.99879
0.99879
0.99879
0.9988
0.9988
0.9988
0.9988
0.99881
0.99881
0.99881
0.99881
0.99881
0.99881
0.99881
0.99881
0.99881
0.99881
0.99881
0.99881
0.99881
0.99881
0.99881
0.99881
0.99881
0.99881
0.99881
0.99881
0.9988
0.9988
0.9988
0.9988
0.9988
0.99879
0.99879
0.99879
0.99879
0.99878
0.99878
0.99878
0.99877
0.99877
0.99877
0.99876
0.99876
0.99875
0.99875
0.99874
0.99873
0.99873
0.99872
0.99871
0.9987
0.99869
0.99868
0.99867
0.99865
0.99863
0.99862
0.99859
0.99857
0.99854
0.99836
0.99816
0.99792
0.99765
0.99733
0.99695
0.99652
0.99602
0.99544
0.99476
0.99398
0.99308
0.99204
0.99085
0.98948
0.98792
0.98614
0.99705
0.99606
0.99342
0.98611
0.9651
0.90689
0.77055
0.5383
0.27571
0.018787
0.73096
0.97267
0.99348
0.99727
0.99816
0.99849
0.99863
0.9987
0.99873
0.99875
0.99876
0.99877
0.99877
0.99878
0.99878
0.99879
0.99879
0.99879
0.99879
0.99879
0.9988
0.9988
0.9988
0.9988
0.9988
0.9988
0.9988
0.9988
0.9988
0.9988
0.9988
0.9988
0.9988
0.9988
0.9988
0.9988
0.9988
0.9988
0.9988
0.99879
0.99879
0.99879
0.99879
0.99879
0.99879
0.99878
0.99878
0.99878
0.99877
0.99877
0.99877
0.99876
0.99876
0.99876
0.99875
0.99875
0.99874
0.99874
0.99873
0.99872
0.99872
0.99871
0.9987
0.99869
0.99868
0.99867
0.99865
0.99864
0.99862
0.9986
0.99858
0.99855
0.99852
0.99835
0.99814
0.9979
0.99762
0.9973
0.99692
0.99648
0.99598
0.99539
0.99471
0.99392
0.99301
0.99197
0.99077
0.98939
0.98782
0.98603
0.99706
0.99646
0.99439
0.98871
0.97227
0.92526
0.80797
0.58967
0.31922
0.016912
0.69287
0.96784
0.9926
0.99709
0.9981
0.99846
0.99861
0.99868
0.99872
0.99874
0.99875
0.99876
0.99877
0.99877
0.99877
0.99878
0.99878
0.99878
0.99878
0.99879
0.99879
0.99879
0.99879
0.99879
0.99879
0.99879
0.99879
0.99879
0.99879
0.99879
0.99879
0.99879
0.99879
0.99879
0.99879
0.99879
0.99879
0.99879
0.99879
0.99879
0.99879
0.99878
0.99878
0.99878
0.99878
0.99878
0.99877
0.99877
0.99877
0.99877
0.99876
0.99876
0.99875
0.99875
0.99875
0.99874
0.99874
0.99873
0.99872
0.99872
0.99871
0.9987
0.99869
0.99868
0.99867
0.99866
0.99864
0.99863
0.99861
0.99859
0.99857
0.99854
0.9985
0.99832
0.99812
0.99787
0.99759
0.99726
0.99688
0.99644
0.99593
0.99534
0.99465
0.99386
0.99294
0.99189
0.99068
0.9893
0.98772
0.98592
0.99707
0.99679
0.99517
0.99076
0.97801
0.94063
0.84184
0.64112
0.36716
0.055076
0.65126
0.962
0.99155
0.99689
0.99803
0.99844
0.9986
0.99867
0.99871
0.99873
0.99874
0.99875
0.99876
0.99876
0.99877
0.99877
0.99877
0.99878
0.99878
0.99878
0.99878
0.99878
0.99879
0.99879
0.99879
0.99879
0.99879
0.99879
0.99879
0.99879
0.99879
0.99879
0.99879
0.99879
0.99879
0.99879
0.99879
0.99879
0.99878
0.99878
0.99878
0.99878
0.99878
0.99878
0.99877
0.99877
0.99877
0.99877
0.99876
0.99876
0.99876
0.99875
0.99875
0.99875
0.99874
0.99874
0.99873
0.99873
0.99872
0.99871
0.9987
0.9987
0.99869
0.99868
0.99866
0.99865
0.99864
0.99862
0.9986
0.99858
0.99855
0.99853
0.99848
0.9983
0.99809
0.99784
0.99756
0.99723
0.99684
0.9964
0.99588
0.99528
0.99459
0.99379
0.99287
0.99181
0.99059
0.98919
0.9876
0.9858
0.99708
0.99706
0.99579
0.99238
0.98255
0.95326
0.87176
0.69146
0.41921
0.09648
0.60602
0.9549
0.99029
0.99665
0.99795
0.99841
0.99858
0.99866
0.9987
0.99873
0.99874
0.99875
0.99876
0.99876
0.99877
0.99877
0.99877
0.99877
0.99878
0.99878
0.99878
0.99878
0.99878
0.99878
0.99878
0.99879
0.99879
0.99879
0.99879
0.99879
0.99879
0.99879
0.99879
0.99879
0.99879
0.99879
0.99879
0.99878
0.99878
0.99878
0.99878
0.99878
0.99878
0.99878
0.99877
0.99877
0.99877
0.99877
0.99876
0.99876
0.99876
0.99875
0.99875
0.99874
0.99874
0.99873
0.99873
0.99872
0.99872
0.99871
0.9987
0.99869
0.99868
0.99867
0.99866
0.99865
0.99863
0.99861
0.99859
0.99857
0.99854
0.99851
0.99846
0.99828
0.99806
0.99781
0.99753
0.99719
0.9968
0.99635
0.99583
0.99522
0.99452
0.99372
0.99279
0.99172
0.99049
0.98908
0.98748
0.98567
0.99709
0.99719
0.99628
0.99364
0.98611
0.96344
0.89755
0.73948
0.47471
0.14185
0.55703
0.94626
0.98876
0.99629
0.99787
0.99838
0.99857
0.99866
0.9987
0.99872
0.99874
0.99875
0.99875
0.99876
0.99876
0.99877
0.99877
0.99877
0.99878
0.99878
0.99878
0.99878
0.99878
0.99878
0.99878
0.99879
0.99879
0.99879
0.99879
0.99879
0.99879
0.99879
0.99879
0.99879
0.99879
0.99879
0.99879
0.99879
0.99878
0.99878
0.99878
0.99878
0.99878
0.99878
0.99877
0.99877
0.99877
0.99877
0.99876
0.99876
0.99876
0.99875
0.99875
0.99874
0.99874
0.99873
0.99873
0.99872
0.99872
0.99871
0.9987
0.99869
0.99868
0.99867
0.99866
0.99864
0.99863
0.99861
0.99859
0.99856
0.99854
0.9985
0.99844
0.99825
0.99803
0.99778
0.99749
0.99715
0.99676
0.9963
0.99577
0.99516
0.99445
0.99364
0.9927
0.99162
0.99038
0.98896
0.98735
0.98552
0.9971
0.9972
0.99668
0.99463
0.98888
0.9715
0.91923
0.78405
0.53262
0.19181
0.50405
0.93573
0.98688
0.99582
0.99777
0.99834
0.99856
0.99865
0.9987
0.99872
0.99874
0.99875
0.99876
0.99876
0.99877
0.99877
0.99877
0.99877
0.99878
0.99878
0.99878
0.99878
0.99878
0.99879
0.99879
0.99879
0.99879
0.99879
0.99879
0.99879
0.99879
0.99879
0.99879
0.99879
0.99879
0.99879
0.99879
0.99879
0.99879
0.99879
0.99878
0.99878
0.99878
0.99878
0.99878
0.99877
0.99877
0.99877
0.99877
0.99876
0.99876
0.99876
0.99875
0.99875
0.99874
0.99874
0.99873
0.99872
0.99872
0.99871
0.9987
0.99869
0.99868
0.99867
0.99865
0.99864
0.99862
0.9986
0.99858
0.99856
0.99853
0.99849
0.99841
0.99822
0.998
0.99775
0.99745
0.99711
0.99671
0.99625
0.99571
0.99509
0.99438
0.99355
0.9926
0.99151
0.99026
0.98884
0.98721
0.98537
0.99712
0.99722
0.99699
0.9954
0.99101
0.9778
0.93703
0.82424
0.59157
0.24674
0.44674
0.92286
0.98456
0.99525
0.99765
0.9983
0.99854
0.99865
0.9987
0.99872
0.99874
0.99875
0.99876
0.99876
0.99877
0.99877
0.99878
0.99878
0.99878
0.99878
0.99878
0.99879
0.99879
0.99879
0.99879
0.99879
0.99879
0.99879
0.99879
0.99879
0.99879
0.99879
0.99879
0.99879
0.99879
0.99879
0.99879
0.99879
0.99879
0.99879
0.99879
0.99879
0.99879
0.99878
0.99878
0.99878
0.99878
0.99877
0.99877
0.99877
0.99876
0.99876
0.99876
0.99875
0.99875
0.99874
0.99873
0.99873
0.99872
0.99871
0.9987
0.99869
0.99868
0.99867
0.99865
0.99864
0.99862
0.9986
0.99858
0.99855
0.99852
0.99848
0.99839
0.99819
0.99797
0.99771
0.99741
0.99706
0.99665
0.99619
0.99564
0.99502
0.99429
0.99346
0.9925
0.9914
0.99014
0.9887
0.98706
0.9852
0.99713
0.99723
0.99724
0.996
0.99264
0.98264
0.95129
0.8594
0.6499
0.30663
0.38464
0.90708
0.98166
0.99455
0.9975
0.99826
0.99853
0.99864
0.9987
0.99872
0.99874
0.99875
0.99876
0.99877
0.99877
0.99878
0.99878
0.99878
0.99879
0.99879
0.99879
0.99879
0.99879
0.99879
0.9988
0.9988
0.9988
0.9988
0.9988
0.9988
0.9988
0.9988
0.9988
0.9988
0.9988
0.9988
0.9988
0.9988
0.9988
0.9988
0.99879
0.99879
0.99879
0.99879
0.99879
0.99879
0.99878
0.99878
0.99878
0.99877
0.99877
0.99877
0.99876
0.99876
0.99875
0.99874
0.99874
0.99873
0.99872
0.99871
0.9987
0.99869
0.99868
0.99867
0.99865
0.99864
0.99862
0.9986
0.99857
0.99854
0.99851
0.99847
0.99836
0.99816
0.99793
0.99767
0.99736
0.99701
0.9966
0.99612
0.99557
0.99494
0.9942
0.99336
0.99239
0.99128
0.99
0.98855
0.9869
0.98503
0.99715
0.99725
0.99732
0.99647
0.99388
0.98633
0.96249
0.88924
0.70582
0.37101
0.31722
0.88768
0.97798
0.99367
0.99732
0.9982
0.99851
0.99864
0.99869
0.99873
0.99874
0.99876
0.99877
0.99877
0.99878
0.99878
0.99879
0.99879
0.99879
0.99879
0.9988
0.9988
0.9988
0.9988
0.9988
0.9988
0.9988
0.99881
0.99881
0.99881
0.99881
0.99881
0.99881
0.99881
0.99881
0.99881
0.99881
0.9988
0.9988
0.9988
0.9988
0.9988
0.9988
0.9988
0.99879
0.99879
0.99879
0.99879
0.99878
0.99878
0.99878
0.99877
0.99877
0.99876
0.99876
0.99875
0.99874
0.99874
0.99873
0.99872
0.99871
0.9987
0.99868
0.99867
0.99865
0.99864
0.99861
0.99859
0.99857
0.99854
0.9985
0.99846
0.99832
0.99812
0.99789
0.99762
0.99731
0.99695
0.99653
0.99605
0.99549
0.99485
0.99411
0.99325
0.99227
0.99115
0.98986
0.98839
0.98672
0.98484
0.99717
0.99727
0.99734
0.99683
0.99483
0.98911
0.9711
0.91382
0.75765
0.43875
0.24396
0.8638
0.97326
0.99256
0.99708
0.99813
0.99849
0.99863
0.99869
0.99873
0.99875
0.99876
0.99877
0.99878
0.99878
0.99879
0.99879
0.99879
0.9988
0.9988
0.9988
0.9988
0.99881
0.99881
0.99881
0.99881
0.99881
0.99881
0.99881
0.99881
0.99881
0.99881
0.99881
0.99881
0.99881
0.99881
0.99881
0.99881
0.99881
0.99881
0.99881
0.99881
0.99881
0.9988
0.9988
0.9988
0.9988
0.99879
0.99879
0.99879
0.99878
0.99878
0.99877
0.99877
0.99876
0.99875
0.99875
0.99874
0.99873
0.99872
0.99871
0.9987
0.99868
0.99867
0.99865
0.99863
0.99861
0.99859
0.99856
0.99853
0.99849
0.99845
0.99829
0.99808
0.99785
0.99757
0.99726
0.99689
0.99647
0.99598
0.99541
0.99476
0.994
0.99314
0.99214
0.99101
0.9897
0.98822
0.98654
0.98463
0.99719
0.99728
0.99735
0.99712
0.99555
0.99118
0.97762
0.93349
0.80398
0.50812
0.16454
0.83436
0.96713
0.99113
0.99677
0.99804
0.99846
0.99862
0.99869
0.99873
0.99875
0.99876
0.99877
0.99878
0.99879
0.99879
0.9988
0.9988
0.9988
0.99881
0.99881
0.99881
0.99881
0.99881
0.99882
0.99882
0.99882
0.99882
0.99882
0.99882
0.99882
0.99882
0.99882
0.99882
0.99882
0.99882
0.99882
0.99882
0.99882
0.99882
0.99882
0.99881
0.99881
0.99881
0.99881
0.99881
0.9988
0.9988
0.9988
0.99879
0.99879
0.99878
0.99878
0.99877
0.99877
0.99876
0.99875
0.99874
0.99873
0.99872
0.99871
0.9987
0.99868
0.99867
0.99865
0.99863
0.99861
0.99858
0.99855
0.99851
0.99848
0.99843
0.99825
0.99804
0.9978
0.99752
0.9972
0.99682
0.99639
0.99589
0.99532
0.99466
0.99389
0.99301
0.99201
0.99085
0.98954
0.98804
0.98634
0.98441
0.9972
0.9973
0.99737
0.99734
0.9961
0.99273
0.98249
0.94883
0.8439
0.57686
0.079036
0.79814
0.95905
0.98922
0.99634
0.99791
0.99841
0.9986
0.99868
0.99873
0.99875
0.99877
0.99878
0.99879
0.99879
0.9988
0.9988
0.99881
0.99881
0.99881
0.99881
0.99882
0.99882
0.99882
0.99882
0.99882
0.99882
0.99882
0.99883
0.99883
0.99883
0.99883
0.99883
0.99883
0.99883
0.99883
0.99883
0.99883
0.99882
0.99882
0.99882
0.99882
0.99882
0.99882
0.99881
0.99881
0.99881
0.9988
0.9988
0.9988
0.99879
0.99879
0.99878
0.99878
0.99877
0.99876
0.99875
0.99875
0.99874
0.99872
0.99871
0.9987
0.99868
0.99866
0.99864
0.99862
0.9986
0.99857
0.99854
0.9985
0.99846
0.99839
0.99821
0.99799
0.99775
0.99746
0.99713
0.99675
0.99631
0.9958
0.99522
0.99455
0.99377
0.99288
0.99186
0.99069
0.98936
0.98784
0.98612
0.98417
0.99722
0.99731
0.99738
0.99742
0.99651
0.99388
0.98608
0.9605
0.87709
0.64249
0.011759
0.7538
0.94831
0.98666
0.99565
0.99774
0.99835
0.99857
0.99867
0.99872
0.99875
0.99877
0.99878
0.99879
0.99879
0.9988
0.9988
0.99881
0.99881
0.99882
0.99882
0.99882
0.99882
0.99882
0.99883
0.99883
0.99883
0.99883
0.99883
0.99883
0.99883
0.99883
0.99883
0.99883
0.99883
0.99883
0.99883
0.99883
0.99883
0.99883
0.99883
0.99882
0.99882
0.99882
0.99882
0.99882
0.99881
0.99881
0.9988
0.9988
0.9988
0.99879
0.99878
0.99878
0.99877
0.99876
0.99875
0.99874
0.99873
0.99872
0.99871
0.99869
0.99868
0.99866
0.99864
0.99861
0.99859
0.99856
0.99852
0.99848
0.99844
0.99835
0.99816
0.99794
0.99769
0.9974
0.99706
0.99667
0.99622
0.99571
0.99511
0.99443
0.99364
0.99273
0.9917
0.99051
0.98916
0.98763
0.98589
0.98392
0.99723
0.99733
0.9974
0.99743
0.99682
0.99473
0.98871
0.96922
0.90375
0.70266
0.10618
0.7001
0.93393
0.98311
0.99471
0.99749
0.99826
0.99854
0.99865
0.99871
0.99874
0.99876
0.99878
0.99879
0.99879
0.9988
0.99881
0.99881
0.99881
0.99882
0.99882
0.99882
0.99882
0.99883
0.99883
0.99883
0.99883
0.99883
0.99883
0.99883
0.99883
0.99883
0.99883
0.99883
0.99883
0.99883
0.99883
0.99883
0.99883
0.99883
0.99883
0.99883
0.99882
0.99882
0.99882
0.99882
0.99881
0.99881
0.99881
0.9988
0.9988
0.99879
0.99878
0.99878
0.99877
0.99876
0.99875
0.99874
0.99873
0.99872
0.9987
0.99869
0.99867
0.99865
0.99862
0.9986
0.99857
0.99854
0.9985
0.99846
0.99841
0.9983
0.99811
0.99788
0.99763
0.99733
0.99698
0.99659
0.99613
0.9956
0.99499
0.9943
0.9935
0.99258
0.99152
0.99032
0.98895
0.9874
0.98564
0.98365
0.99724
0.99734
0.99741
0.99744
0.99706
0.99535
0.99062
0.97562
0.92452
0.75561
0.20163
0.63618
0.91466
0.97814
0.9934
0.99714
0.99813
0.99848
0.99862
0.99869
0.99873
0.99876
0.99877
0.99878
0.99879
0.9988
0.9988
0.99881
0.99881
0.99882
0.99882
0.99882
0.99882
0.99883
0.99883
0.99883
0.99883
0.99883
0.99883
0.99883
0.99883
0.99883
0.99883
0.99883
0.99883
0.99883
0.99883
0.99883
0.99883
0.99883
0.99883
0.99883
0.99882
0.99882
0.99882
0.99882
0.99881
0.99881
0.9988
0.9988
0.99879
0.99879
0.99878
0.99877
0.99876
0.99876
0.99875
0.99873
0.99872
0.99871
0.99869
0.99867
0.99865
0.99863
0.99861
0.99858
0.99855
0.99851
0.99847
0.99843
0.99837
0.99825
0.99805
0.99782
0.99756
0.99725
0.9969
0.99649
0.99602
0.99549
0.99487
0.99416
0.99334
0.99241
0.99134
0.99012
0.98873
0.98715
0.98537
0.98336
0.99724
0.99734
0.99741
0.99744
0.99723
0.99581
0.992
0.98028
0.94028
0.80037
0.29491
0.56199
0.88902
0.97107
0.9915
0.99661
0.99794
0.9984
0.99858
0.99867
0.99871
0.99874
0.99876
0.99877
0.99878
0.99879
0.9988
0.9988
0.99881
0.99881
0.99881
0.99882
0.99882
0.99882
0.99882
0.99883
0.99883
0.99883
0.99883
0.99883
0.99883
0.99883
0.99883
0.99883
0.99883
0.99883
0.99883
0.99883
0.99883
0.99883
0.99882
0.99882
0.99882
0.99882
0.99881
0.99881
0.99881
0.9988
0.9988
0.99879
0.99879
0.99878
0.99877
0.99876
0.99876
0.99875
0.99873
0.99872
0.99871
0.99869
0.99868
0.99866
0.99864
0.99861
0.99858
0.99855
0.99852
0.99848
0.99844
0.99839
0.99833
0.9982
0.99799
0.99775
0.99748
0.99717
0.9968
0.99639
0.99591
0.99536
0.99473
0.994
0.99317
0.99222
0.99113
0.98989
0.98849
0.98689
0.98508
0.98304
0.99724
0.99734
0.99741
0.99745
0.99735
0.99614
0.993
0.98362
0.952
0.83686
0.38272
0.47866
0.85546
0.96096
0.9887
0.99582
0.99766
0.99827
0.99851
0.99863
0.99869
0.99872
0.99874
0.99876
0.99877
0.99878
0.99879
0.99879
0.9988
0.9988
0.9988
0.99881
0.99881
0.99881
0.99881
0.99882
0.99882
0.99882
0.99882
0.99882
0.99882
0.99882
0.99882
0.99882
0.99882
0.99882
0.99882
0.99882
0.99882
0.99882
0.99881
0.99881
0.99881
0.99881
0.9988
0.9988
0.9988
0.99879
0.99879
0.99878
0.99877
0.99877
0.99876
0.99875
0.99874
0.99873
0.99872
0.9987
0.99869
0.99867
0.99865
0.99863
0.99861
0.99858
0.99855
0.99852
0.99848
0.99844
0.99839
0.99834
0.99828
0.99813
0.99792
0.99768
0.9974
0.99707
0.9967
0.99628
0.99579
0.99522
0.99458
0.99384
0.99299
0.99202
0.99091
0.98965
0.98822
0.9866
0.98477
0.98271
0.99724
0.99734
0.99741
0.99744
0.99742
0.99637
0.9937
0.98601
0.96058
0.8657
0.46232
0.38865
0.81271
0.94655
0.98453
0.9946
0.99722
0.99808
0.99842
0.99857
0.99864
0.99869
0.99872
0.99873
0.99875
0.99876
0.99877
0.99877
0.99878
0.99878
0.99879
0.99879
0.99879
0.9988
0.9988
0.9988
0.9988
0.99881
0.99881
0.99881
0.99881
0.99881
0.99881
0.99881
0.99881
0.99881
0.99881
0.99881
0.9988
0.9988
0.9988
0.9988
0.99879
0.99879
0.99879
0.99878
0.99878
0.99877
0.99877
0.99876
0.99875
0.99875
0.99874
0.99873
0.99872
0.99871
0.99869
0.99868
0.99866
0.99864
0.99862
0.9986
0.99857
0.99855
0.99851
0.99848
0.99844
0.99839
0.99834
0.99828
0.99822
0.99806
0.99784
0.99759
0.9973
0.99697
0.99659
0.99615
0.99565
0.99507
0.99441
0.99366
0.99279
0.9918
0.99068
0.9894
0.98794
0.98629
0.98444
0.98235
0.99722
0.99732
0.99739
0.99743
0.99741
0.99653
0.99419
0.9877
0.96678
0.88794
0.53202
0.29552
0.76029
0.92638
0.97826
0.99271
0.99655
0.99779
0.99827
0.99847
0.99858
0.99864
0.99868
0.9987
0.99872
0.99873
0.99874
0.99875
0.99875
0.99876
0.99876
0.99877
0.99877
0.99878
0.99878
0.99878
0.99878
0.99878
0.99878
0.99879
0.99879
0.99879
0.99879
0.99879
0.99879
0.99879
0.99878
0.99878
0.99878
0.99878
0.99878
0.99877
0.99877
0.99877
0.99876
0.99876
0.99875
0.99875
0.99874
0.99874
0.99873
0.99872
0.99871
0.9987
0.99869
0.99867
0.99866
0.99864
0.99863
0.99861
0.99858
0.99856
0.99853
0.9985
0.99846
0.99842
0.99838
0.99833
0.99827
0.99821
0.99814
0.99799
0.99776
0.9975
0.9972
0.99686
0.99647
0.99602
0.9955
0.99491
0.99423
0.99346
0.99258
0.99157
0.99042
0.98912
0.98764
0.98596
0.98408
0.98196
0.9972
0.9973
0.99737
0.99741
0.99739
0.99661
0.99451
0.98887
0.97121
0.9048
0.59131
0.20319
0.69895
0.8989
0.9689
0.9897
0.99549
0.99735
0.99804
0.99834
0.99849
0.99857
0.99862
0.99865
0.99867
0.99869
0.9987
0.99871
0.99872
0.99873
0.99873
0.99874
0.99874
0.99874
0.99875
0.99875
0.99875
0.99875
0.99876
0.99876
0.99876
0.99876
0.99876
0.99876
0.99876
0.99876
0.99875
0.99875
0.99875
0.99875
0.99875
0.99874
0.99874
0.99874
0.99873
0.99873
0.99872
0.99872
0.99871
0.9987
0.99869
0.99868
0.99867
0.99866
0.99865
0.99863
0.99862
0.9986
0.99858
0.99856
0.99853
0.9985
0.99847
0.99844
0.9984
0.99836
0.99831
0.99825
0.99819
0.99812
0.99805
0.9979
0.99766
0.9974
0.99709
0.99673
0.99633
0.99587
0.99534
0.99473
0.99404
0.99325
0.99234
0.99131
0.99014
0.98881
0.98731
0.98561
0.98369
0.98154
0.99717
0.99727
0.99734
0.99738
0.99736
0.99665
0.9947
0.98964
0.97434
0.91742
0.64066
0.11517
0.63086
0.863
0.9552
0.98501
0.99381
0.99665
0.99769
0.99814
0.99836
0.99847
0.99854
0.99858
0.99861
0.99863
0.99865
0.99866
0.99867
0.99868
0.99869
0.99869
0.9987
0.9987
0.99871
0.99871
0.99871
0.99871
0.99872
0.99872
0.99872
0.99872
0.99872
0.99872
0.99872
0.99872
0.99871
0.99871
0.99871
0.99871
0.99871
0.9987
0.9987
0.99869
0.99869
0.99868
0.99868
0.99867
0.99866
0.99865
0.99864
0.99863
0.99862
0.99861
0.9986
0.99858
0.99856
0.99854
0.99852
0.9985
0.99847
0.99844
0.9984
0.99837
0.99832
0.99828
0.99822
0.99816
0.9981
0.99802
0.99794
0.9978
0.99756
0.99728
0.99696
0.9966
0.99618
0.9957
0.99516
0.99453
0.99382
0.99301
0.99209
0.99103
0.98984
0.98848
0.98695
0.98522
0.98328
0.98109
0.99713
0.99723
0.9973
0.99734
0.99732
0.99663
0.99477
0.99012
0.9765
0.92679
0.68119
0.033877
0.55926
0.8184
0.93577
0.97783
0.99115
0.99553
0.99716
0.99784
0.99816
0.99833
0.99843
0.99849
0.99853
0.99856
0.99858
0.9986
0.99861
0.99862
0.99863
0.99864
0.99864
0.99865
0.99865
0.99866
0.99866
0.99866
0.99866
0.99866
0.99867
0.99867
0.99867
0.99867
0.99867
0.99866
0.99866
0.99866
0.99866
0.99866
0.99865
0.99865
0.99864
0.99864
0.99863
0.99863
0.99862
0.99861
0.9986
0.9986
0.99858
0.99857
0.99856
0.99855
0.99853
0.99851
0.99849
0.99847
0.99845
0.99842
0.99839
0.99835
0.99832
0.99828
0.99823
0.99818
0.99812
0.99805
0.99798
0.9979
0.9978
0.9977
0.99744
0.99715
0.99682
0.99644
0.99601
0.99552
0.99496
0.99432
0.99359
0.99276
0.99181
0.99073
0.98951
0.98813
0.98657
0.98481
0.98283
0.98061
0.99708
0.99718
0.99725
0.99729
0.99727
0.99656
0.99475
0.99035
0.97792
0.93369
0.71426
0.039512
0.48772
0.76606
0.90941
0.96712
0.98697
0.99377
0.99631
0.99737
0.99787
0.99813
0.99827
0.99836
0.99842
0.99846
0.99849
0.99851
0.99853
0.99854
0.99855
0.99856
0.99857
0.99858
0.99858
0.99859
0.99859
0.99859
0.9986
0.9986
0.9986
0.9986
0.9986
0.9986
0.9986
0.9986
0.9986
0.99859
0.99859
0.99859
0.99859
0.99858
0.99858
0.99857
0.99856
0.99856
0.99855
0.99854
0.99853
0.99852
0.99851
0.9985
0.99848
0.99847
0.99845
0.99843
0.99841
0.99838
0.99835
0.99832
0.99829
0.99825
0.99821
0.99817
0.99811
0.99806
0.99799
0.99792
0.99784
0.99775
0.99765
0.99754
0.99731
0.99701
0.99667
0.99628
0.99583
0.99532
0.99474
0.99408
0.99333
0.99248
0.99151
0.9904
0.98916
0.98775
0.98615
0.98436
0.98235
0.9801
0.99701
0.99711
0.99718
0.99722
0.9972
0.99644
0.99464
0.99038
0.97878
0.93874
0.7412
0.10489
0.41937
0.70814
0.87551
0.95173
0.98056
0.99099
0.99499
0.99666
0.99743
0.99783
0.99805
0.99819
0.99827
0.99833
0.99837
0.9984
0.99843
0.99844
0.99846
0.99847
0.99848
0.99849
0.99849
0.9985
0.9985
0.99851
0.99851
0.99851
0.99852
0.99852
0.99852
0.99852
0.99852
0.99851
0.99851
0.99851
0.99851
0.9985
0.9985
0.9985
0.99849
0.99848
0.99848
0.99847
0.99846
0.99845
0.99844
0.99843
0.99842
0.9984
0.99838
0.99837
0.99835
0.99832
0.9983
0.99827
0.99824
0.99821
0.99817
0.99813
0.99808
0.99803
0.99798
0.99791
0.99784
0.99776
0.99768
0.99758
0.99747
0.99735
0.99717
0.99685
0.9965
0.99609
0.99563
0.9951
0.9945
0.99382
0.99305
0.99217
0.99118
0.99005
0.98877
0.98733
0.98571
0.98388
0.98183
0.97954
0.99692
0.99702
0.99709
0.99713
0.99712
0.99627
0.99443
0.99023
0.97919
0.94235
0.76322
0.16284
0.35633
0.64755
0.83437
0.93064
0.97104
0.9867
0.99292
0.99555
0.99678
0.99739
0.99774
0.99794
0.99807
0.99815
0.99821
0.99826
0.99829
0.99831
0.99833
0.99835
0.99836
0.99837
0.99838
0.99839
0.9984
0.9984
0.9984
0.99841
0.99841
0.99841
0.99841
0.99841
0.99841
0.99841
0.99841
0.99841
0.9984
0.9984
0.9984
0.99839
0.99838
0.99838
0.99837
0.99836
0.99835
0.99834
0.99833
0.99831
0.9983
0.99828
0.99826
0.99824
0.99822
0.9982
0.99817
0.99814
0.99811
0.99807
0.99803
0.99798
0.99793
0.99787
0.99781
0.99774
0.99766
0.99758
0.99748
0.99737
0.99725
0.99712
0.99697
0.99668
0.9963
0.99588
0.9954
0.99486
0.99424
0.99354
0.99274
0.99184
0.99082
0.98966
0.98835
0.98688
0.98522
0.98336
0.98128
0.97895
0.99681
0.99691
0.99698
0.99702
0.99697
0.99604
0.99414
0.98992
0.97922
0.94485
0.78127
0.21427
0.29962
0.5873
0.78726
0.90325
0.95748
0.98025
0.98973
0.99385
0.99578
0.99675
0.99728
0.99759
0.99779
0.99792
0.998
0.99807
0.99811
0.99815
0.99818
0.9982
0.99822
0.99823
0.99824
0.99825
0.99826
0.99827
0.99827
0.99828
0.99828
0.99828
0.99828
0.99828
0.99828
0.99828
0.99828
0.99828
0.99827
0.99827
0.99827
0.99826
0.99825
0.99825
0.99824
0.99823
0.99822
0.9982
0.99819
0.99817
0.99816
0.99814
0.99812
0.9981
0.99807
0.99804
0.99801
0.99798
0.99794
0.9979
0.99785
0.9978
0.99775
0.99768
0.99761
0.99754
0.99745
0.99736
0.99725
0.99713
0.997
0.99686
0.9967
0.99648
0.99609
0.99565
0.99515
0.99459
0.99395
0.99323
0.9924
0.99148
0.99042
0.98924
0.9879
0.98639
0.9847
0.9828
0.98068
0.97831
0.99668
0.99678
0.99685
0.99689
0.99675
0.99575
0.99375
0.98945
0.97893
0.94648
0.79614
0.26014
0.24933
0.52988
0.73627
0.86963
0.93908
0.97091
0.98496
0.99128
0.99427
0.9958
0.99662
0.9971
0.9974
0.99759
0.99773
0.99782
0.99789
0.99794
0.99798
0.99801
0.99803
0.99805
0.99807
0.99808
0.99809
0.9981
0.99811
0.99811
0.99812
0.99812
0.99812
0.99813
0.99813
0.99812
0.99812
0.99812
0.99812
0.99811
0.99811
0.9981
0.99809
0.99808
0.99807
0.99806
0.99805
0.99804
0.99802
0.998
0.99799
0.99797
0.99794
0.99792
0.99789
0.99786
0.99782
0.99778
0.99774
0.9977
0.99765
0.99759
0.99753
0.99746
0.99738
0.9973
0.9972
0.9971
0.99698
0.99685
0.99671
0.99655
0.99638
0.99618
0.99586
0.9954
0.99488
0.99429
0.99363
0.99288
0.99203
0.99108
0.99
0.98878
0.98741
0.98586
0.98413
0.9822
0.98003
0.97763
0.99652
0.99662
0.99669
0.99673
0.99648
0.99539
0.99326
0.98882
0.97835
0.94738
0.80843
0.30133
0.20496
0.47699
0.68375
0.8306
0.91541
0.95795
0.97802
0.98745
0.99203
0.99438
0.99567
0.99641
0.99686
0.99716
0.99735
0.99749
0.99759
0.99766
0.99772
0.99776
0.9978
0.99783
0.99785
0.99787
0.99788
0.9979
0.99791
0.99791
0.99792
0.99792
0.99793
0.99793
0.99793
0.99793
0.99793
0.99793
0.99792
0.99792
0.99791
0.99791
0.9979
0.99789
0.99788
0.99786
0.99785
0.99783
0.99782
0.9978
0.99778
0.99775
0.99773
0.9977
0.99767
0.99763
0.99759
0.99755
0.99751
0.99745
0.9974
0.99733
0.99726
0.99719
0.9971
0.99701
0.99691
0.99679
0.99666
0.99652
0.99637
0.99619
0.996
0.99579
0.99556
0.99511
0.99458
0.99397
0.99328
0.9925
0.99163
0.99064
0.98953
0.98828
0.98687
0.98529
0.98352
0.98155
0.97934
0.97689
0.99632
0.99642
0.99649
0.99653
0.99615
0.99495
0.99266
0.98802
0.9775
0.94769
0.8186
0.33857
0.1657
0.4295
0.63196
0.78761
0.88651
0.9408
0.96831
0.98192
0.98875
0.99232
0.99428
0.99542
0.99611
0.99655
0.99685
0.99706
0.9972
0.99731
0.99739
0.99746
0.99751
0.99755
0.99758
0.9976
0.99762
0.99764
0.99766
0.99767
0.99768
0.99768
0.99769
0.99769
0.99769
0.99769
0.99769
0.99769
0.99769
0.99768
0.99768
0.99767
0.99766
0.99765
0.99764
0.99762
0.99761
0.99759
0.99757
0.99755
0.99753
0.9975
0.99747
0.99744
0.9974
0.99736
0.99732
0.99727
0.99722
0.99716
0.9971
0.99703
0.99695
0.99687
0.99677
0.99667
0.99656
0.99643
0.99629
0.99614
0.99597
0.99578
0.99557
0.99534
0.99509
0.9948
0.99424
0.99361
0.99289
0.99209
0.99119
0.99017
0.98902
0.98773
0.98629
0.98467
0.98286
0.98084
0.9786
0.9761
0.99608
0.99618
0.99625
0.99629
0.99575
0.99441
0.99194
0.98706
0.9764
0.94749
0.827
0.37245
0.13067
0.38759
0.58264
0.74241
0.85299
0.91919
0.95531
0.9742
0.98407
0.98936
0.9923
0.99402
0.99506
0.99573
0.99617
0.99648
0.99669
0.99685
0.99697
0.99706
0.99714
0.99719
0.99724
0.99727
0.9973
0.99733
0.99735
0.99736
0.99738
0.99739
0.99739
0.9974
0.9974
0.99741
0.99741
0.9974
0.9974
0.9974
0.99739
0.99738
0.99737
0.99736
0.99735
0.99733
0.99731
0.99729
0.99727
0.99725
0.99722
0.99719
0.99716
0.99712
0.99708
0.99704
0.99699
0.99694
0.99688
0.99682
0.99675
0.99667
0.99658
0.99649
0.99639
0.99627
0.99615
0.99601
0.99585
0.99569
0.9955
0.9953
0.99507
0.99482
0.99455
0.99425
0.99387
0.99321
0.99247
0.99163
0.9907
0.98965
0.98847
0.98714
0.98566
0.984
0.98215
0.98009
0.9778
0.97525
0.99579
0.99589
0.99597
0.996
0.99527
0.99378
0.99109
0.98593
0.97506
0.94684
0.83391
0.40341
0.099009
0.351
0.53699
0.69677
0.8159
0.89324
0.93863
0.96383
0.97759
0.98519
0.9895
0.99204
0.9936
0.9946
0.99526
0.99571
0.99603
0.99626
0.99643
0.99656
0.99667
0.99675
0.99681
0.99686
0.99691
0.99694
0.99697
0.99699
0.99701
0.99702
0.99704
0.99704
0.99705
0.99705
0.99706
0.99706
0.99705
0.99705
0.99704
0.99703
0.99702
0.99701
0.997
0.99698
0.99696
0.99694
0.99691
0.99689
0.99686
0.99682
0.99679
0.99675
0.9967
0.99665
0.9966
0.99654
0.99648
0.9964
0.99633
0.99624
0.99615
0.99604
0.99593
0.9958
0.99566
0.99551
0.99534
0.99516
0.99496
0.99474
0.99449
0.99422
0.99393
0.9936
0.99324
0.99277
0.992
0.99113
0.99017
0.98908
0.98786
0.9865
0.98498
0.98328
0.98138
0.97928
0.97693
0.97434
0.99545
0.99555
0.99562
0.99566
0.9947
0.99304
0.9901
0.98462
0.97348
0.9458
0.83956
0.43182
0.069993
0.3192
0.49562
0.65222
0.77653
0.86344
0.91816
0.95042
0.9689
0.97948
0.98563
0.98931
0.99159
0.99305
0.99402
0.99468
0.99515
0.99548
0.99574
0.99593
0.99607
0.99619
0.99628
0.99635
0.99641
0.99646
0.9965
0.99653
0.99656
0.99658
0.9966
0.99661
0.99662
0.99663
0.99663
0.99663
0.99663
0.99663
0.99662
0.99661
0.9966
0.99659
0.99657
0.99655
0.99653
0.99651
0.99648
0.99645
0.99642
0.99638
0.99634
0.9963
0.99625
0.99619
0.99613
0.99607
0.99599
0.99592
0.99583
0.99573
0.99563
0.99551
0.99539
0.99525
0.9951
0.99493
0.99475
0.99455
0.99433
0.99408
0.99382
0.99353
0.99321
0.99286
0.99247
0.99205
0.99148
0.99059
0.98958
0.98846
0.98721
0.9858
0.98424
0.9825
0.98055
0.9784
0.97601
0.97337
0.99504
0.99514
0.99522
0.99516
0.99404
0.99217
0.98895
0.98312
0.97166
0.9444
0.84412
0.45793
0.043009
0.29156
0.45871
0.6099
0.73622
0.83061
0.89407
0.93378
0.95768
0.9719
0.98041
0.9856
0.98886
0.99096
0.99236
0.99332
0.99399
0.99448
0.99484
0.99511
0.99532
0.99548
0.99561
0.99572
0.9958
0.99587
0.99593
0.99597
0.99601
0.99604
0.99607
0.99609
0.9961
0.99611
0.99612
0.99612
0.99612
0.99612
0.99612
0.99611
0.9961
0.99608
0.99607
0.99605
0.99602
0.996
0.99597
0.99593
0.9959
0.99586
0.99581
0.99576
0.99571
0.99564
0.99558
0.9955
0.99542
0.99534
0.99524
0.99513
0.99502
0.99489
0.99475
0.9946
0.99443
0.99425
0.99405
0.99383
0.99359
0.99333
0.99304
0.99273
0.99238
0.992
0.99159
0.99114
0.99065
0.98998
0.98894
0.98778
0.98649
0.98505
0.98344
0.98165
0.97966
0.97746
0.97502
0.97232
0.99455
0.99466
0.99473
0.99454
0.99326
0.99117
0.98764
0.98142
0.96962
0.94268
0.84773
0.48196
0.017573
0.26742
0.42615
0.57055
0.69619
0.79573
0.86682
0.91391
0.94369
0.96214
0.97354
0.98067
0.98521
0.98817
0.99015
0.99152
0.99248
0.99317
0.99369
0.99407
0.99437
0.9946
0.99478
0.99493
0.99505
0.99514
0.99522
0.99529
0.99534
0.99538
0.99542
0.99545
0.99547
0.99549
0.9955
0.99551
0.99551
0.99551
0.99551
0.9955
0.99549
0.99548
0.99546
0.99544
0.99541
0.99538
0.99535
0.99532
0.99527
0.99523
0.99518
0.99512
0.99506
0.99499
0.99492
0.99484
0.99475
0.99465
0.99455
0.99443
0.9943
0.99416
0.99401
0.99384
0.99366
0.99346
0.99324
0.993
0.99274
0.99246
0.99214
0.9918
0.99143
0.99103
0.99058
0.9901
0.98958
0.989
0.98825
0.98705
0.98571
0.98422
0.98257
0.98073
0.9787
0.97644
0.97395
0.9712
0.99398
0.99408
0.99416
0.99382
0.99236
0.99001
0.98615
0.97952
0.96735
0.94065
0.8505
0.50409
0.0066885
0.24619
0.39761
0.53459
0.6574
0.75982
0.83706
0.89102
0.92686
0.94999
0.96478
0.97426
0.98042
0.9845
0.98726
0.98916
0.99051
0.99149
0.99221
0.99275
0.99317
0.99349
0.99375
0.99395
0.99412
0.99425
0.99436
0.99445
0.99453
0.99459
0.99464
0.99468
0.99471
0.99474
0.99475
0.99477
0.99478
0.99478
0.99478
0.99477
0.99476
0.99475
0.99473
0.99471
0.99469
0.99465
0.99462
0.99458
0.99453
0.99448
0.99443
0.99437
0.9943
0.99422
0.99414
0.99405
0.99395
0.99385
0.99373
0.9936
0.99346
0.99331
0.99314
0.99295
0.99275
0.99254
0.9923
0.99204
0.99176
0.99145
0.99111
0.99074
0.99034
0.98991
0.98943
0.98892
0.98836
0.98775
0.98709
0.98624
0.98486
0.98333
0.98163
0.97975
0.97766
0.97535
0.97281
0.97001
0.99331
0.99341
0.99349
0.99298
0.99131
0.9887
0.98447
0.97742
0.96486
0.93835
0.85253
0.52445
0.030054
0.22732
0.37269
0.50205
0.62055
0.72382
0.80556
0.86555
0.90727
0.93533
0.9539
0.96615
0.97429
0.97976
0.98351
0.98612
0.98798
0.98933
0.99033
0.99108
0.99166
0.99211
0.99246
0.99274
0.99297
0.99316
0.99331
0.99343
0.99354
0.99362
0.99369
0.99375
0.99379
0.99383
0.99386
0.99388
0.9939
0.99391
0.99391
0.99391
0.9939
0.99389
0.99387
0.99385
0.99382
0.99379
0.99375
0.99371
0.99366
0.9936
0.99354
0.99348
0.9934
0.99332
0.99323
0.99313
0.99302
0.9929
0.99277
0.99263
0.99247
0.99231
0.99212
0.99192
0.9917
0.99147
0.99121
0.99092
0.99062
0.99028
0.98992
0.98952
0.98909
0.98863
0.98812
0.98757
0.98697
0.98632
0.98562
0.98486
0.98394
0.98236
0.98061
0.97868
0.97654
0.97418
0.97159
0.96873
0.99252
0.99262
0.9927
0.99201
0.99012
0.98721
0.9826
0.9751
0.96215
0.93579
0.85391
0.54317
0.052727
0.21034
0.35097
0.47274
0.58609
0.68851
0.7731
0.83802
0.88518
0.91818
0.9408
0.95616
0.9666
0.97376
0.97873
0.98224
0.98476
0.98659
0.98795
0.98898
0.98977
0.99039
0.99087
0.99126
0.99157
0.99182
0.99203
0.9922
0.99234
0.99245
0.99255
0.99263
0.9927
0.99275
0.99279
0.99283
0.99285
0.99287
0.99288
0.99288
0.99288
0.99287
0.99285
0.99283
0.9928
0.99277
0.99273
0.99268
0.99263
0.99257
0.9925
0.99243
0.99235
0.99225
0.99216
0.99205
0.99193
0.9918
0.99165
0.9915
0.99133
0.99114
0.99094
0.99072
0.99049
0.99023
0.98995
0.98964
0.98931
0.98895
0.98855
0.98813
0.98767
0.98717
0.98663
0.98604
0.9854
0.98472
0.98397
0.98317
0.9823
0.98132
0.97952
0.97753
0.97534
0.97293
0.97028
0.96736
0.9916
0.99171
0.99179
0.99091
0.98877
0.98553
0.98053
0.97258
0.95922
0.93298
0.8547
0.56034
0.074846
0.19485
0.33202
0.44659
0.55423
0.65449
0.74041
0.80905
0.86096
0.89869
0.92544
0.94416
0.95721
0.96633
0.97277
0.97737
0.9807
0.98315
0.98498
0.98636
0.98743
0.98825
0.98891
0.98943
0.98985
0.99019
0.99047
0.9907
0.9909
0.99105
0.99119
0.9913
0.99139
0.99146
0.99152
0.99157
0.99161
0.99164
0.99165
0.99166
0.99166
0.99166
0.99165
0.99163
0.9916
0.99156
0.99152
0.99147
0.99142
0.99135
0.99128
0.9912
0.99111
0.99101
0.9909
0.99078
0.99065
0.99051
0.99035
0.99018
0.99
0.9898
0.98958
0.98934
0.98908
0.9888
0.98849
0.98816
0.9878
0.98742
0.98699
0.98654
0.98604
0.98551
0.98493
0.9843
0.98363
0.9829
0.98211
0.98126
0.98035
0.97937
0.97831
0.9763
0.97405
0.97158
0.96887
0.9659
