0.93065
0.91652
0.89268
0.84932
0.76552
0.60701
0.35663
0.081071
0.11318
0.21541
0.27178
0.31211
0.35129
0.38779
0.42036
0.44809
0.47033
0.48664
0.49672
0.50025
0.49691
0.48631
0.468
0.44152
0.40657
0.36327
0.31244
0.25607
0.19748
0.14116
0.091809
0.052936
0.025653
0.0085976
0.0010057
0.0059873
0.0084431
0.009633
0.010217
0.010513
0.010669
0.010755
0.010803
0.010829
0.010841
0.010842
0.010834
0.010817
0.010789
0.010747
0.010685
0.010595
0.010464
0.01027
0.0099819
0.0095474
0.0088862
0.0078735
0.0063183
0.0039352
0.00030986
0.0051335
0.013154
0.024686
0.040784
0.0625
0.090716
0.12594
0.16813
0.21661
0.27012
0.32694
0.38515
0.44285
0.49839
0.55049
0.5983
0.64135
0.67952
0.71293
0.74188
0.76675
0.78799
0.80603
0.82127
0.8341
0.84485
0.85381
0.86124
0.86733
0.87228
0.87622
0.87929
0.88159
0.88321
0.88421
0.88465
0.88459
0.88407
0.88313
0.9062
0.89927
0.88545
0.85603
0.77605
0.62004
0.368
0.082839
0.12392
0.18566
0.23469
0.28494
0.33414
0.38034
0.42204
0.45826
0.48846
0.5124
0.53001
0.54125
0.546
0.544
0.5348
0.51771
0.49185
0.45626
0.41012
0.35322
0.28668
0.21365
0.1396
0.071554
0.015872
0.024247
0.049693
0.064108
0.071608
0.075327
0.077149
0.07806
0.078532
0.078788
0.078932
0.079013
0.079056
0.079074
0.079071
0.079048
0.079005
0.078935
0.078831
0.078677
0.078452
0.07812
0.077627
0.07689
0.075778
0.074095
0.07155
0.067719
0.062014
0.053659
0.041694
0.025028
0.0025652
0.026619
0.063061
0.10672
0.15689
0.21222
0.27086
0.33078
0.38995
0.44666
0.49957
0.54783
0.59101
0.62904
0.6621
0.69055
0.71484
0.73543
0.7528
0.7674
0.77961
0.78978
0.79821
0.80515
0.81081
0.81538
0.81899
0.82177
0.82382
0.82522
0.82604
0.82634
0.82616
0.82554
0.82452
0.82312
0.083684
0.07722
0.064329
0.036747
0.024523
0.15392
0.37598
0.63138
0.66704
0.61188
0.55203
0.49049
0.43032
0.37408
0.32357
0.27973
0.24287
0.21285
0.18932
0.17188
0.16021
0.15418
0.15386
0.15965
0.1723
0.19296
0.22321
0.26497
0.32012
0.38977
0.47292
0.565
0.65743
0.73965
0.80347
0.84663
0.87245
0.88654
0.89385
0.89759
0.89954
0.90058
0.90116
0.90149
0.90168
0.90177
0.9018
0.90178
0.9017
0.90157
0.90136
0.90105
0.9006
0.89994
0.89899
0.89759
0.89552
0.89248
0.88801
0.88149
0.87211
0.85889
0.84072
0.81651
0.78535
0.74677
0.70088
0.64852
0.59117
0.53077
0.4695
0.40942
0.35228
0.29937
0.25148
0.20898
0.17184
0.13981
0.11245
0.08927
0.069751
0.053393
0.03974
0.028388
0.018989
0.011245
0.0049072
0.00023087
0.0043405
0.0075625
0.010012
0.011784
0.012955
0.013588
0.013736
0.01344
0.012735
0.011651
0.01021
0.0084322
0.0080529
0.014065
0.02607
0.051872
0.10978
0.2344
0.454
0.71378
0.74049
0.67419
0.60194
0.52802
0.45669
0.39126
0.33375
0.2849
0.24451
0.21187
0.18603
0.16607
0.15118
0.14075
0.1344
0.13199
0.13369
0.14001
0.15192
0.17098
0.19948
0.2405
0.2976
0.37381
0.46942
0.57914
0.69119
0.79086
0.86758
0.91933
0.95085
0.96884
0.97885
0.98443
0.9876
0.98946
0.99055
0.99119
0.99154
0.99166
0.99161
0.99139
0.99098
0.99032
0.98936
0.98797
0.98598
0.98313
0.97906
0.97327
0.9651
0.95371
0.93811
0.91722
0.89002
0.85574
0.81406
0.7653
0.71048
0.65124
0.58964
0.52787
0.46796
0.41159
0.35992
0.31362
0.27291
0.23766
0.20751
0.18198
0.16052
0.14258
0.12765
0.11528
0.10506
0.096654
0.089776
0.08419
0.0797
0.076145
0.073397
0.071349
0.069916
0.069028
0.068628
0.068672
0.069122
0.069948
0.071126
0.072636
0.074462
0.076589
0.041985
0.036385
0.025202
0.0010846
0.053564
0.17332
0.39008
0.65402
0.66918
0.59003
0.50404
0.4174
0.33597
0.26384
0.20293
0.15333
0.11396
0.083273
0.059636
0.041605
0.027992
0.017879
0.010599
0.0056999
0.0029309
0.0022384
0.0037932
0.0080581
0.015915
0.028877
0.04939
0.081165
0.12923
0.19901
0.29357
0.40934
0.53395
0.65021
0.74468
0.81302
0.8585
0.8873
0.90514
0.91618
0.92305
0.92735
0.92999
0.93152
0.93222
0.93226
0.93167
0.93041
0.92839
0.9254
0.92116
0.91527
0.90718
0.89619
0.88148
0.8621
0.83711
0.80568
0.7673
0.72196
0.67026
0.61343
0.55326
0.49181
0.43118
0.37323
0.31943
0.2707
0.22753
0.18995
0.15772
0.1304
0.10746
0.088313
0.072427
0.059297
0.048485
0.039613
0.032363
0.026473
0.021727
0.017947
0.014993
0.012747
0.011118
0.010031
0.0094255
0.0092542
0.0094785
0.010068
0.010998
0.012249
0.013805
0.015654
0.017786
0.020192
0.91605
0.91086
0.90047
0.87798
0.81505
0.66885
0.4101
0.080185
0.19177
0.32345
0.42406
0.52263
0.61147
0.6861
0.74545
0.79083
0.82465
0.84947
0.86756
0.88072
0.89031
0.89729
0.90237
0.90603
0.90858
0.91023
0.91108
0.91113
0.91027
0.90821
0.90436
0.89767
0.88624
0.86682
0.83445
0.78283
0.70671
0.60609
0.48937
0.37108
0.26516
0.17941
0.11497
0.068844
0.036777
0.014862
9.7107e-05
0.0096198
0.015676
0.01894
0.019908
0.018808
0.015657
0.010292
0.0023918
0.0085154
0.023034
0.041866
0.065748
0.095346
0.13113
0.17321
0.22125
0.27433
0.33106
0.38968
0.44826
0.50498
0.5583
0.60711
0.65075
0.68899
0.72195
0.74995
0.7735
0.79313
0.8094
0.82281
0.83382
0.84284
0.85019
0.85615
0.86096
0.86479
0.86781
0.87012
0.87183
0.87302
0.87374
0.87405
0.87398
0.87357
0.87283
0.87179
0.87047
0.86886
0.86698
0.86484
0.86244
0.85979
0.95898
0.94829
0.92954
0.89438
0.8239
0.67999
0.41931
0.076175
0.21665
0.40899
0.5475
0.6581
0.74987
0.82157
0.87422
0.91127
0.93669
0.95392
0.96557
0.97348
0.97889
0.98262
0.98522
0.98704
0.98831
0.98919
0.98977
0.9901
0.99021
0.99007
0.98963
0.9887
0.98698
0.98383
0.97799
0.96724
0.9479
0.915
0.86369
0.79205
0.7034
0.60602
0.50983
0.42287
0.34952
0.2908
0.24566
0.21212
0.18815
0.17197
0.16224
0.15805
0.15882
0.16432
0.17453
0.18961
0.20983
0.23545
0.26667
0.30345
0.34547
0.39204
0.44208
0.4942
0.54684
0.5984
0.64748
0.69295
0.73406
0.77043
0.80202
0.82903
0.85183
0.8709
0.88671
0.89975
0.91045
0.91919
0.92631
0.93208
0.93674
0.94045
0.94339
0.94566
0.94736
0.94857
0.94935
0.94974
0.94979
0.94952
0.94895
0.9481
0.94699
0.94562
0.944
0.94203
0.93903
0.93566
0.93191
0.92778
0.96263
0.95254
0.93465
0.90083
0.83235
0.69061
0.42778
0.070461
0.24517
0.4581
0.61058
0.72903
0.81805
0.88149
0.92369
0.95058
0.96733
0.97769
0.98412
0.98815
0.99072
0.99238
0.99346
0.99418
0.99467
0.99499
0.99521
0.99534
0.99542
0.99544
0.99539
0.99527
0.99502
0.99454
0.99364
0.9919
0.98854
0.98211
0.97035
0.95022
0.91874
0.87424
0.81753
0.7521
0.68304
0.61556
0.55379
0.50032
0.45632
0.42198
0.39691
0.38047
0.37202
0.37098
0.37687
0.3893
0.4079
0.43224
0.4618
0.49584
0.53347
0.57357
0.6149
0.65619
0.69625
0.73405
0.76882
0.80008
0.82762
0.85145
0.87179
0.88892
0.90321
0.91505
0.92479
0.93277
0.93927
0.94455
0.9488
0.95221
0.9549
0.957
0.95858
0.95972
0.96048
0.9609
0.961
0.96083
0.96039
0.9597
0.95878
0.95762
0.95584
0.95364
0.95113
0.94829
0.94512
0.94159
0.9377
0.93343
0.96598
0.95648
0.93945
0.90693
0.8404
0.70067
0.43543
0.062905
0.27734
0.51115
0.67464
0.79262
0.87317
0.92457
0.9551
0.97252
0.98231
0.98781
0.99095
0.99278
0.99386
0.99451
0.99492
0.99518
0.99534
0.99545
0.99552
0.99557
0.99559
0.9956
0.9956
0.99557
0.99553
0.99543
0.99526
0.99494
0.99431
0.99308
0.99074
0.9864
0.97881
0.96644
0.94787
0.9223
0.88998
0.8523
0.81156
0.77039
0.73131
0.69636
0.66699
0.64409
0.62805
0.61893
0.61651
0.62042
0.63011
0.64489
0.66398
0.68646
0.71135
0.73762
0.76429
0.79046
0.81537
0.83846
0.85937
0.8779
0.89403
0.90787
0.91959
0.92941
0.93757
0.94431
0.94983
0.95433
0.95797
0.9609
0.96322
0.96504
0.96642
0.96742
0.9681
0.96849
0.96862
0.9685
0.96817
0.96761
0.96686
0.9659
0.96474
0.96338
0.96183
0.95948
0.95683
0.95387
0.95059
0.94696
0.94298
0.93862
0.96904
0.96011
0.94393
0.91268
0.84802
0.71014
0.44216
0.053438
0.31288
0.56672
0.73666
0.84769
0.91541
0.95357
0.97362
0.98384
0.98902
0.9917
0.99311
0.99388
0.99431
0.99456
0.99471
0.9948
0.99486
0.99489
0.99492
0.99493
0.99494
0.99494
0.99494
0.99494
0.99492
0.9949
0.99485
0.99477
0.99461
0.99432
0.99377
0.99276
0.99094
0.98782
0.9828
0.97521
0.96453
0.95056
0.93352
0.91411
0.89339
0.8726
0.85301
0.83575
0.82168
0.8114
0.8052
0.80312
0.80495
0.81031
0.81867
0.82939
0.84181
0.85523
0.86903
0.88265
0.89566
0.90773
0.91866
0.92836
0.93682
0.94408
0.95024
0.9554
0.9597
0.96324
0.96614
0.96848
0.97036
0.97183
0.97296
0.97379
0.97436
0.97469
0.97481
0.97474
0.97448
0.97405
0.97345
0.97267
0.97173
0.97061
0.96933
0.96786
0.96621
0.96436
0.96184
0.95882
0.95548
0.9518
0.94777
0.94336
0.97182
0.96344
0.9481
0.9181
0.85521
0.71901
0.44793
0.042092
0.35117
0.62282
0.79353
0.89274
0.94571
0.97184
0.98397
0.98952
0.99209
0.99332
0.99394
0.99426
0.99443
0.99453
0.99458
0.99462
0.99464
0.99465
0.99466
0.99466
0.99467
0.99467
0.99467
0.99467
0.99466
0.99465
0.99463
0.99461
0.99455
0.99446
0.9943
0.994
0.99349
0.9926
0.99116
0.98892
0.98562
0.98105
0.97507
0.96774
0.95926
0.95003
0.94056
0.93143
0.92321
0.91637
0.91127
0.90811
0.90694
0.90768
0.91013
0.91399
0.91893
0.9246
0.93066
0.9368
0.94279
0.94844
0.95362
0.95828
0.96237
0.96592
0.96895
0.9715
0.97362
0.97537
0.97678
0.97791
0.97878
0.97943
0.97989
0.98016
0.98027
0.98023
0.98005
0.97972
0.97926
0.97866
0.97793
0.97705
0.97602
0.97484
0.9735
0.97199
0.97031
0.96845
0.96622
0.96318
0.95983
0.95614
0.9521
0.94767
0.97435
0.9665
0.95197
0.92318
0.862
0.72725
0.45272
0.029032
0.39127
0.67715
0.84274
0.92758
0.96636
0.98309
0.99
0.99287
0.99411
0.99467
0.99494
0.99508
0.99515
0.99519
0.99521
0.99523
0.99523
0.99524
0.99524
0.99525
0.99525
0.99525
0.99525
0.99525
0.99524
0.99524
0.99523
0.99522
0.9952
0.99516
0.9951
0.99499
0.99481
0.99451
0.99403
0.99328
0.99217
0.9906
0.98849
0.9858
0.98255
0.97882
0.97477
0.97063
0.96663
0.96301
0.95999
0.95774
0.95633
0.95581
0.95612
0.95717
0.95883
0.96094
0.96335
0.9659
0.96847
0.97096
0.9733
0.97544
0.97734
0.97901
0.98045
0.98166
0.98267
0.98349
0.98414
0.98463
0.98498
0.98521
0.98531
0.98531
0.98519
0.98497
0.98464
0.98421
0.98367
0.98301
0.98223
0.98133
0.98029
0.97911
0.97778
0.97629
0.97463
0.97273
0.97002
0.96701
0.96369
0.96002
0.95599
0.95158
0.97664
0.9693
0.95554
0.92793
0.86837
0.73489
0.45656
0.014577
0.43191
0.72748
0.88288
0.95268
0.97958
0.98979
0.99359
0.99505
0.99565
0.99591
0.99604
0.9961
0.99613
0.99615
0.99616
0.99617
0.99617
0.99617
0.99618
0.99618
0.99618
0.99618
0.99618
0.99618
0.99618
0.99617
0.99617
0.99616
0.99615
0.99613
0.9961
0.99606
0.99598
0.99586
0.99567
0.99537
0.99495
0.99434
0.99353
0.99247
0.99116
0.98962
0.98788
0.98604
0.98417
0.98239
0.98079
0.97947
0.97849
0.9779
0.97768
0.97783
0.9783
0.97902
0.97993
0.98096
0.98204
0.98313
0.98418
0.98515
0.98604
0.98682
0.9875
0.98807
0.98854
0.98891
0.98918
0.98937
0.98948
0.98951
0.98945
0.98933
0.98912
0.98883
0.98846
0.98801
0.98746
0.98681
0.98605
0.98518
0.98418
0.98305
0.98177
0.98033
0.97834
0.97596
0.97331
0.97036
0.96708
0.96346
0.95948
0.95511
0.97872
0.97186
0.95885
0.93239
0.87437
0.74195
0.45951
0.00079739
0.47164
0.77197
0.91383
0.96923
0.98718
0.99326
0.99534
0.9961
0.9964
0.99653
0.99659
0.99662
0.99663
0.99664
0.99665
0.99665
0.99665
0.99665
0.99666
0.99666
0.99666
0.99666
0.99666
0.99666
0.99665
0.99665
0.99665
0.99665
0.99664
0.99663
0.99661
0.99659
0.99655
0.99649
0.9964
0.99627
0.99608
0.99582
0.99546
0.995
0.99442
0.99373
0.99294
0.99207
0.99117
0.99027
0.98943
0.98869
0.98809
0.98766
0.9874
0.98732
0.9874
0.98762
0.98796
0.98837
0.98884
0.98932
0.9898
0.99026
0.99068
0.99106
0.99139
0.99166
0.99188
0.99204
0.99215
0.9922
0.9922
0.99215
0.99204
0.99187
0.99165
0.99136
0.991
0.99057
0.99006
0.98945
0.98875
0.98794
0.98701
0.98595
0.98474
0.98304
0.981
0.97871
0.97614
0.97326
0.97006
0.96652
0.9626
0.95829
0.9806
0.9742
0.96191
0.93655
0.88002
0.74849
0.46173
0.016479
0.509
0.80955
0.93653
0.97922
0.99098
0.99458
0.99574
0.99615
0.99631
0.99637
0.99641
0.99642
0.99643
0.99644
0.99644
0.99644
0.99644
0.99644
0.99644
0.99644
0.99644
0.99644
0.99644
0.99644
0.99644
0.99644
0.99644
0.99644
0.99643
0.99643
0.99642
0.9964
0.99638
0.99635
0.9963
0.99624
0.99614
0.99601
0.99583
0.9956
0.99532
0.99498
0.99458
0.99415
0.99368
0.9932
0.99274
0.99232
0.99195
0.99166
0.99146
0.99134
0.99131
0.99136
0.99148
0.99165
0.99185
0.99208
0.99231
0.99253
0.99275
0.99294
0.9931
0.99324
0.99334
0.99341
0.99344
0.99344
0.9934
0.99333
0.99321
0.99305
0.99284
0.99258
0.99225
0.99187
0.99141
0.99087
0.99023
0.9895
0.98865
0.98768
0.98657
0.98518
0.98323
0.98104
0.97856
0.97578
0.97267
0.96921
0.96538
0.96115
0.9823
0.97633
0.96474
0.94046
0.88535
0.75458
0.46341
0.031763
0.5427
0.83994
0.95252
0.98475
0.99243
0.99461
0.99528
0.99551
0.9956
0.99563
0.99565
0.99566
0.99567
0.99567
0.99567
0.99567
0.99568
0.99568
0.99568
0.99568
0.99568
0.99568
0.99568
0.99568
0.99568
0.99567
0.99567
0.99567
0.99567
0.99566
0.99566
0.99565
0.99564
0.99562
0.99559
0.99555
0.9955
0.99542
0.99533
0.9952
0.99505
0.99486
0.99465
0.99441
0.99414
0.99387
0.9936
0.99335
0.99312
0.99292
0.99277
0.99267
0.99262
0.99261
0.99264
0.99271
0.9928
0.99291
0.99303
0.99315
0.99326
0.99336
0.99345
0.99352
0.99357
0.9936
0.9936
0.99358
0.99354
0.99346
0.99335
0.99321
0.99303
0.9928
0.99253
0.99219
0.99179
0.99132
0.99076
0.99011
0.98935
0.98846
0.98745
0.98629
0.98497
0.983
0.98063
0.97795
0.97495
0.97159
0.96785
0.9637
0.98384
0.97828
0.96737
0.94413
0.8904
0.76029
0.46479
0.045923
0.57183
0.86355
0.96343
0.9875
0.99258
0.99395
0.99435
0.99449
0.99455
0.99457
0.99458
0.99459
0.99459
0.99459
0.9946
0.9946
0.9946
0.9946
0.9946
0.9946
0.9946
0.9946
0.9946
0.9946
0.9946
0.9946
0.9946
0.99459
0.99459
0.99459
0.99458
0.99458
0.99457
0.99456
0.99454
0.99451
0.99448
0.99444
0.99438
0.99431
0.99421
0.99411
0.99398
0.99383
0.99367
0.99351
0.99334
0.99318
0.99302
0.99289
0.99278
0.9927
0.99265
0.99262
0.99262
0.99265
0.99269
0.99274
0.9928
0.99287
0.99293
0.99299
0.99304
0.99308
0.9931
0.99311
0.99311
0.99309
0.99304
0.99298
0.99288
0.99276
0.99261
0.99242
0.99219
0.9919
0.99156
0.99115
0.99067
0.99009
0.98942
0.98863
0.98771
0.98665
0.98543
0.98404
0.98239
0.97983
0.97693
0.97368
0.97004
0.96599
0.98523
0.98007
0.9698
0.9476
0.89523
0.76575
0.46613
0.058273
0.59583
0.88124
0.97073
0.98876
0.99222
0.99311
0.99337
0.99346
0.9935
0.99351
0.99352
0.99353
0.99353
0.99353
0.99353
0.99353
0.99353
0.99353
0.99353
0.99353
0.99353
0.99353
0.99353
0.99353
0.99353
0.99353
0.99353
0.99353
0.99353
0.99353
0.99352
0.99352
0.99351
0.9935
0.99349
0.99347
0.99345
0.99342
0.99339
0.99334
0.99328
0.99321
0.99313
0.99304
0.99293
0.99282
0.99271
0.9926
0.9925
0.9924
0.99232
0.99225
0.99221
0.99218
0.99217
0.99217
0.99219
0.99221
0.99225
0.99229
0.99232
0.99236
0.99239
0.99241
0.99243
0.99243
0.99242
0.9924
0.99236
0.99231
0.99223
0.99213
0.99201
0.99185
0.99165
0.99141
0.99112
0.99077
0.99035
0.98985
0.98925
0.98855
0.98773
0.98677
0.98565
0.98437
0.98289
0.98122
0.97865
0.97551
0.97197
0.96802
0.9865
0.98171
0.97207
0.95088
0.89988
0.77105
0.46772
0.068233
0.61456
0.89404
0.97554
0.98936
0.9918
0.99241
0.99259
0.99266
0.99268
0.99269
0.9927
0.9927
0.9927
0.9927
0.9927
0.99271
0.99271
0.99271
0.99271
0.99271
0.99271
0.99271
0.99271
0.99271
0.99271
0.9927
0.9927
0.9927
0.9927
0.9927
0.9927
0.99269
0.99269
0.99268
0.99267
0.99266
0.99265
0.99263
0.9926
0.99257
0.99253
0.99248
0.99243
0.99236
0.99229
0.99222
0.99214
0.99206
0.99198
0.99191
0.99185
0.9918
0.99175
0.99173
0.99171
0.99171
0.99171
0.99172
0.99174
0.99176
0.99179
0.99181
0.99183
0.99184
0.99185
0.99185
0.99184
0.99183
0.99179
0.99175
0.99169
0.99161
0.9915
0.99137
0.99121
0.99101
0.99076
0.99046
0.9901
0.98966
0.98914
0.98852
0.98778
0.98691
0.98589
0.98471
0.98334
0.98177
0.97999
0.97711
0.97368
0.96984
0.98698
0.98322
0.97418
0.95399
0.90439
0.77632
0.46985
0.075365
0.62819
0.90295
0.97869
0.98986
0.99165
0.9921
0.99223
0.99227
0.99229
0.9923
0.99231
0.99231
0.99231
0.99231
0.99231
0.99231
0.99231
0.99231
0.99231
0.99231
0.99231
0.99231
0.99231
0.99231
0.99231
0.99231
0.99231
0.99231
0.99231
0.99231
0.99231
0.9923
0.9923
0.99229
0.99229
0.99228
0.99227
0.99225
0.99223
0.99221
0.99218
0.99215
0.99211
0.99206
0.99201
0.99196
0.9919
0.99184
0.99178
0.99173
0.99168
0.99163
0.9916
0.99157
0.99155
0.99154
0.99154
0.99155
0.99156
0.99157
0.99159
0.9916
0.99161
0.99162
0.99163
0.99163
0.99162
0.9916
0.99158
0.99154
0.99149
0.99143
0.99134
0.99123
0.9911
0.99093
0.99072
0.99046
0.99015
0.98977
0.98931
0.98875
0.98809
0.98731
0.98638
0.98529
0.98403
0.98256
0.98088
0.9785
0.97519
0.97145
0.98757
0.9846
0.97615
0.95697
0.9088
0.78166
0.47275
0.079388
0.63708
0.90885
0.98073
0.99075
0.99213
0.99246
0.99256
0.9926
0.99261
0.99262
0.99262
0.99263
0.99263
0.99263
0.99263
0.99263
0.99263
0.99263
0.99263
0.99263
0.99263
0.99263
0.99263
0.99263
0.99263
0.99263
0.99263
0.99263
0.99263
0.99263
0.99262
0.99262
0.99262
0.99261
0.99261
0.9926
0.99259
0.99258
0.99257
0.99255
0.99253
0.9925
0.99247
0.99244
0.9924
0.99236
0.99231
0.99227
0.99222
0.99218
0.99214
0.9921
0.99207
0.99205
0.99203
0.99202
0.99201
0.99201
0.99202
0.99203
0.99203
0.99204
0.99205
0.99206
0.99206
0.99206
0.99206
0.99204
0.99202
0.99199
0.99195
0.9919
0.99182
0.99173
0.99162
0.99148
0.9913
0.99108
0.99081
0.99047
0.99007
0.98958
0.98898
0.98827
0.98743
0.98643
0.98526
0.9839
0.98232
0.97972
0.97651
0.97288
0.98858
0.98588
0.978
0.95981
0.91315
0.78718
0.47666
0.08017
0.64168
0.91243
0.98202
0.99187
0.99297
0.99324
0.99332
0.99335
0.99336
0.99337
0.99337
0.99337
0.99337
0.99338
0.99338
0.99338
0.99338
0.99338
0.99338
0.99338
0.99338
0.99338
0.99338
0.99338
0.99338
0.99338
0.99338
0.99337
0.99337
0.99337
0.99337
0.99337
0.99337
0.99336
0.99336
0.99335
0.99335
0.99334
0.99333
0.99331
0.9933
0.99328
0.99325
0.99323
0.9932
0.99316
0.99313
0.99309
0.99305
0.99302
0.99298
0.99295
0.99293
0.9929
0.99289
0.99287
0.99287
0.99286
0.99286
0.99287
0.99287
0.99288
0.99289
0.99289
0.99289
0.99289
0.99289
0.99288
0.99286
0.99283
0.9928
0.99275
0.99269
0.99262
0.99252
0.9924
0.99224
0.99205
0.99182
0.99153
0.99117
0.99073
0.9902
0.98956
0.98879
0.98787
0.98678
0.98551
0.98351
0.98079
0.97768
0.97415
0.98923
0.98706
0.97973
0.96254
0.91746
0.79296
0.48173
0.077701
0.64247
0.91424
0.98281
0.99252
0.99344
0.99367
0.99374
0.99376
0.99377
0.99378
0.99378
0.99378
0.99378
0.99379
0.99379
0.99379
0.99379
0.99379
0.99379
0.99379
0.99379
0.99379
0.99379
0.99379
0.99379
0.99379
0.99378
0.99378
0.99378
0.99378
0.99378
0.99378
0.99378
0.99377
0.99377
0.99377
0.99376
0.99375
0.99374
0.99373
0.99372
0.9937
0.99369
0.99366
0.99364
0.99361
0.99358
0.99355
0.99352
0.99349
0.99346
0.99344
0.99341
0.99339
0.99337
0.99336
0.99335
0.99335
0.99335
0.99335
0.99335
0.99335
0.99336
0.99336
0.99336
0.99336
0.99336
0.99335
0.99333
0.99331
0.99328
0.99325
0.99319
0.99313
0.99305
0.99294
0.99281
0.99264
0.99243
0.99218
0.99186
0.99147
0.99099
0.99041
0.9897
0.98886
0.98785
0.98663
0.98435
0.98172
0.9787
0.97527
0.98926
0.98802
0.98135
0.96516
0.92175
0.79907
0.48809
0.072067
0.6399
0.91464
0.98324
0.99249
0.99328
0.99348
0.99354
0.99356
0.99357
0.99358
0.99358
0.99358
0.99358
0.99358
0.99358
0.99358
0.99358
0.99358
0.99358
0.99358
0.99358
0.99358
0.99358
0.99358
0.99358
0.99358
0.99358
0.99358
0.99358
0.99358
0.99358
0.99358
0.99358
0.99357
0.99357
0.99357
0.99356
0.99356
0.99355
0.99354
0.99353
0.99351
0.9935
0.99348
0.99346
0.99344
0.99341
0.99339
0.99336
0.99334
0.99331
0.99329
0.99326
0.99324
0.99323
0.99322
0.99321
0.9932
0.9932
0.9932
0.9932
0.9932
0.9932
0.99321
0.99321
0.9932
0.9932
0.99319
0.99318
0.99316
0.99314
0.9931
0.99306
0.993
0.99293
0.99284
0.99272
0.99258
0.99239
0.99217
0.99188
0.99153
0.9911
0.99057
0.98992
0.98914
0.98821
0.9871
0.98507
0.98252
0.9796
0.97626
0.98905
0.98791
0.98287
0.96767
0.92603
0.80556
0.49582
0.063416
0.63435
0.91392
0.98341
0.99217
0.99288
0.99306
0.99312
0.99314
0.99315
0.99315
0.99315
0.99315
0.99315
0.99315
0.99316
0.99316
0.99316
0.99316
0.99316
0.99316
0.99316
0.99316
0.99316
0.99316
0.99316
0.99315
0.99315
0.99315
0.99315
0.99315
0.99315
0.99315
0.99315
0.99315
0.99314
0.99314
0.99314
0.99313
0.99313
0.99312
0.99311
0.9931
0.99308
0.99307
0.99305
0.99303
0.99301
0.99299
0.99297
0.99294
0.99292
0.9929
0.99288
0.99286
0.99285
0.99283
0.99282
0.99282
0.99281
0.99281
0.99281
0.99281
0.99281
0.99281
0.99281
0.99281
0.99281
0.9928
0.99279
0.99277
0.99275
0.99272
0.99268
0.99264
0.99257
0.99249
0.99239
0.99226
0.9921
0.99189
0.99164
0.99132
0.99092
0.99044
0.98985
0.98913
0.98826
0.98722
0.98569
0.98322
0.98038
0.97713
0.98908
0.98804
0.98429
0.97008
0.93031
0.81246
0.50494
0.051933
0.62613
0.91227
0.98338
0.99207
0.99273
0.9929
0.99295
0.99297
0.99298
0.99298
0.99298
0.99299
0.99299
0.99299
0.99299
0.99299
0.99299
0.99299
0.99299
0.99299
0.99299
0.99299
0.99299
0.99299
0.99299
0.99299
0.99299
0.99299
0.99299
0.99299
0.99299
0.99298
0.99298
0.99298
0.99298
0.99298
0.99297
0.99297
0.99296
0.99296
0.99295
0.99294
0.99293
0.99291
0.9929
0.99288
0.99286
0.99284
0.99282
0.9928
0.99278
0.99276
0.99274
0.99273
0.99271
0.9927
0.99269
0.99268
0.99268
0.99267
0.99267
0.99267
0.99267
0.99267
0.99267
0.99267
0.99267
0.99266
0.99265
0.99264
0.99262
0.99259
0.99256
0.99251
0.99246
0.99239
0.99229
0.99218
0.99203
0.99185
0.99161
0.99133
0.99097
0.99052
0.98997
0.9893
0.98849
0.98752
0.98622
0.98383
0.98107
0.9779
0.9895
0.98854
0.98561
0.97239
0.93456
0.81975
0.51547
0.037818
0.6155
0.90979
0.98319
0.99234
0.99297
0.99313
0.99318
0.9932
0.9932
0.99321
0.99321
0.99321
0.99321
0.99321
0.99321
0.99321
0.99321
0.99321
0.99321
0.99321
0.99321
0.99321
0.99321
0.99321
0.99321
0.99321
0.99321
0.99321
0.99321
0.99321
0.99321
0.99321
0.99321
0.99321
0.9932
0.9932
0.9932
0.9932
0.99319
0.99318
0.99318
0.99317
0.99316
0.99315
0.99313
0.99312
0.9931
0.99309
0.99307
0.99305
0.99303
0.99301
0.99299
0.99298
0.99296
0.99295
0.99294
0.99293
0.99293
0.99292
0.99292
0.99292
0.99292
0.99292
0.99292
0.99291
0.99291
0.99291
0.9929
0.99288
0.99287
0.99284
0.99281
0.99277
0.99272
0.99266
0.99258
0.99247
0.99234
0.99217
0.99196
0.99169
0.99136
0.99095
0.99044
0.98982
0.98906
0.98815
0.98668
0.98436
0.98168
0.97858
0.99018
0.9893
0.98684
0.97459
0.93878
0.82743
0.52736
0.021271
0.60263
0.90657
0.98287
0.99286
0.99347
0.99362
0.99367
0.99369
0.9937
0.9937
0.99371
0.99371
0.99371
0.99371
0.99371
0.99371
0.99371
0.99371
0.99371
0.99371
0.99371
0.99371
0.99371
0.99371
0.99371
0.99371
0.99371
0.99371
0.99371
0.99371
0.99371
0.99371
0.99371
0.9937
0.9937
0.9937
0.9937
0.99369
0.99369
0.99368
0.99368
0.99367
0.99366
0.99365
0.99364
0.99363
0.99361
0.99359
0.99358
0.99356
0.99354
0.99353
0.99351
0.9935
0.99348
0.99347
0.99346
0.99345
0.99344
0.99344
0.99344
0.99343
0.99343
0.99343
0.99343
0.99343
0.99342
0.99342
0.99341
0.9934
0.99338
0.99336
0.99333
0.9933
0.99325
0.99319
0.99312
0.99302
0.9929
0.99274
0.99255
0.99231
0.992
0.99162
0.99115
0.99056
0.98985
0.98899
0.98708
0.98482
0.9822
0.97918
0.99078
0.98998
0.98797
0.97668
0.94295
0.83545
0.54054
0.0024889
0.58767
0.90264
0.98243
0.99329
0.9939
0.99406
0.99411
0.99413
0.99413
0.99414
0.99414
0.99414
0.99414
0.99414
0.99414
0.99414
0.99414
0.99414
0.99414
0.99414
0.99414
0.99414
0.99414
0.99414
0.99414
0.99414
0.99414
0.99414
0.99414
0.99414
0.99414
0.99414
0.99414
0.99414
0.99414
0.99413
0.99413
0.99413
0.99412
0.99412
0.99411
0.99411
0.9941
0.99409
0.99408
0.99407
0.99405
0.99404
0.99402
0.99401
0.99399
0.99398
0.99396
0.99395
0.99393
0.99392
0.99391
0.9939
0.99389
0.99389
0.99388
0.99388
0.99388
0.99388
0.99387
0.99387
0.99387
0.99386
0.99386
0.99385
0.99383
0.99381
0.99379
0.99375
0.99371
0.99366
0.99359
0.9935
0.99338
0.99324
0.99306
0.99284
0.99255
0.99219
0.99175
0.99121
0.99053
0.9893
0.98742
0.98522
0.98266
0.9797
0.99075
0.99002
0.98859
0.97865
0.94703
0.84375
0.55493
0.018347
0.57072
0.89801
0.98187
0.99308
0.9937
0.99386
0.99391
0.99393
0.99394
0.99395
0.99395
0.99395
0.99395
0.99395
0.99395
0.99395
0.99395
0.99395
0.99395
0.99395
0.99395
0.99395
0.99395
0.99395
0.99395
0.99395
0.99395
0.99395
0.99395
0.99395
0.99395
0.99395
0.99395
0.99395
0.99395
0.99394
0.99394
0.99394
0.99394
0.99393
0.99393
0.99392
0.99391
0.9939
0.99389
0.99388
0.99387
0.99386
0.99384
0.99383
0.99381
0.9938
0.99378
0.99377
0.99376
0.99374
0.99373
0.99372
0.99372
0.99371
0.99371
0.9937
0.9937
0.9937
0.99369
0.99369
0.99369
0.99368
0.99367
0.99366
0.99365
0.99363
0.99361
0.99358
0.99354
0.99349
0.99342
0.99334
0.99324
0.9931
0.99293
0.99272
0.99246
0.99212
0.99171
0.99119
0.99055
0.98955
0.98771
0.98556
0.98306
0.98016
0.98997
0.9893
0.98799
0.9805
0.95101
0.85226
0.57042
0.041065
0.55184
0.89268
0.98119
0.99212
0.99276
0.99292
0.99298
0.993
0.99301
0.99301
0.99302
0.99302
0.99302
0.99302
0.99302
0.99302
0.99302
0.99302
0.99302
0.99302
0.99302
0.99302
0.99302
0.99302
0.99302
0.99302
0.99302
0.99302
0.99302
0.99302
0.99302
0.99302
0.99302
0.99301
0.99301
0.99301
0.99301
0.99301
0.993
0.993
0.99299
0.99299
0.99298
0.99297
0.99296
0.99295
0.99294
0.99293
0.99292
0.9929
0.99289
0.99287
0.99286
0.99285
0.99283
0.99282
0.99281
0.9928
0.99279
0.99279
0.99278
0.99278
0.99277
0.99277
0.99277
0.99276
0.99276
0.99275
0.99275
0.99274
0.99272
0.99271
0.99268
0.99266
0.99262
0.99257
0.99251
0.99243
0.99233
0.99221
0.99205
0.99185
0.9916
0.99129
0.99089
0.9904
0.9898
0.98906
0.98796
0.98586
0.98341
0.98056
0.98927
0.98865
0.98746
0.98222
0.95486
0.86091
0.58689
0.065507
0.53107
0.8866
0.98038
0.99122
0.99189
0.99207
0.99213
0.99215
0.99216
0.99217
0.99217
0.99217
0.99217
0.99217
0.99217
0.99217
0.99217
0.99217
0.99217
0.99218
0.99218
0.99218
0.99217
0.99217
0.99217
0.99217
0.99217
0.99217
0.99217
0.99217
0.99217
0.99217
0.99217
0.99217
0.99217
0.99217
0.99216
0.99216
0.99216
0.99215
0.99215
0.99214
0.99214
0.99213
0.99212
0.99211
0.9921
0.99209
0.99208
0.99206
0.99205
0.99204
0.99202
0.99201
0.992
0.99199
0.99197
0.99196
0.99196
0.99195
0.99194
0.99194
0.99193
0.99193
0.99193
0.99192
0.99192
0.99191
0.99191
0.9919
0.99188
0.99187
0.99185
0.99182
0.99178
0.99174
0.99168
0.99161
0.99151
0.9914
0.99125
0.99106
0.99082
0.99052
0.99015
0.98968
0.9891
0.98839
0.98753
0.98611
0.9837
0.98091
0.98939
0.98882
0.98774
0.98383
0.95854
0.86961
0.6042
0.091523
0.50843
0.87974
0.97945
0.99114
0.99186
0.99205
0.99211
0.99214
0.99215
0.99215
0.99216
0.99216
0.99216
0.99216
0.99216
0.99216
0.99216
0.99216
0.99216
0.99216
0.99216
0.99216
0.99216
0.99216
0.99216
0.99216
0.99216
0.99216
0.99216
0.99216
0.99216
0.99216
0.99216
0.99216
0.99215
0.99215
0.99215
0.99215
0.99215
0.99214
0.99214
0.99213
0.99213
0.99212
0.99211
0.9921
0.99209
0.99208
0.99207
0.99206
0.99204
0.99203
0.99202
0.992
0.99199
0.99198
0.99197
0.99196
0.99195
0.99194
0.99194
0.99193
0.99193
0.99192
0.99192
0.99191
0.99191
0.9919
0.9919
0.99189
0.99187
0.99186
0.99184
0.99181
0.99178
0.99173
0.99168
0.99161
0.99152
0.99141
0.99126
0.99108
0.99086
0.99057
0.99021
0.98977
0.98922
0.98854
0.9877
0.98633
0.98396
0.98121
0.98993
0.98941
0.98842
0.9853
0.96204
0.87827
0.62219
0.11897
0.48394
0.87203
0.97837
0.99146
0.99224
0.99245
0.99252
0.99255
0.99256
0.99256
0.99257
0.99257
0.99257
0.99257
0.99257
0.99257
0.99257
0.99257
0.99257
0.99257
0.99257
0.99257
0.99257
0.99257
0.99257
0.99257
0.99257
0.99257
0.99257
0.99257
0.99257
0.99257
0.99257
0.99257
0.99257
0.99256
0.99256
0.99256
0.99256
0.99255
0.99255
0.99254
0.99254
0.99253
0.99252
0.99252
0.99251
0.9925
0.99248
0.99247
0.99246
0.99245
0.99243
0.99242
0.99241
0.9924
0.99239
0.99238
0.99237
0.99236
0.99235
0.99235
0.99234
0.99234
0.99233
0.99233
0.99232
0.99232
0.99231
0.9923
0.99229
0.99227
0.99225
0.99223
0.99219
0.99215
0.9921
0.99203
0.99194
0.99184
0.9917
0.99153
0.99131
0.99104
0.99069
0.99026
0.98973
0.98908
0.98827
0.98651
0.98418
0.98147
0.99032
0.98985
0.98894
0.98665
0.96534
0.88681
0.64071
0.1477
0.4576
0.8634
0.97713
0.99162
0.99248
0.99271
0.99279
0.99282
0.99283
0.99284
0.99284
0.99284
0.99285
0.99285
0.99285
0.99285
0.99285
0.99285
0.99285
0.99285
0.99285
0.99285
0.99285
0.99285
0.99285
0.99285
0.99285
0.99285
0.99285
0.99285
0.99285
0.99285
0.99284
0.99284
0.99284
0.99284
0.99284
0.99284
0.99283
0.99283
0.99283
0.99282
0.99282
0.99281
0.9928
0.99279
0.99278
0.99277
0.99276
0.99275
0.99274
0.99273
0.99271
0.9927
0.99269
0.99268
0.99267
0.99266
0.99265
0.99264
0.99263
0.99263
0.99262
0.99261
0.99261
0.9926
0.9926
0.99259
0.99258
0.99258
0.99256
0.99255
0.99253
0.9925
0.99247
0.99243
0.99238
0.99231
0.99223
0.99213
0.99199
0.99183
0.99162
0.99135
0.99102
0.99061
0.99009
0.98946
0.98863
0.98666
0.98436
0.98169
0.99063
0.9902
0.98938
0.98766
0.96843
0.89514
0.65958
0.17758
0.42942
0.85378
0.97571
0.99169
0.99264
0.9929
0.99298
0.99301
0.99303
0.99304
0.99304
0.99304
0.99305
0.99305
0.99305
0.99305
0.99305
0.99305
0.99305
0.99305
0.99305
0.99305
0.99305
0.99305
0.99305
0.99305
0.99305
0.99305
0.99305
0.99305
0.99305
0.99304
0.99304
0.99304
0.99304
0.99304
0.99304
0.99304
0.99303
0.99303
0.99303
0.99302
0.99302
0.99301
0.993
0.99299
0.99299
0.99298
0.99297
0.99295
0.99294
0.99293
0.99292
0.99291
0.99289
0.99288
0.99287
0.99286
0.99285
0.99284
0.99283
0.99283
0.99282
0.99281
0.99281
0.9928
0.9928
0.99279
0.99278
0.99277
0.99276
0.99275
0.99273
0.9927
0.99267
0.99263
0.99258
0.99252
0.99243
0.99233
0.99221
0.99204
0.99184
0.99158
0.99126
0.99086
0.99036
0.98975
0.98873
0.98679
0.98451
0.98187
0.99098
0.99059
0.98984
0.98827
0.9713
0.90319
0.67864
0.20845
0.3994
0.84306
0.97409
0.99176
0.99283
0.99312
0.99322
0.99325
0.99327
0.99328
0.99328
0.99329
0.99329
0.99329
0.99329
0.99329
0.99329
0.99329
0.99329
0.99329
0.99329
0.99329
0.99329
0.99329
0.99329
0.99329
0.99329
0.99329
0.99329
0.99329
0.99329
0.99329
0.99329
0.99329
0.99328
0.99328
0.99328
0.99328
0.99328
0.99327
0.99327
0.99326
0.99326
0.99325
0.99325
0.99324
0.99323
0.99322
0.99321
0.9932
0.99319
0.99318
0.99316
0.99315
0.99314
0.99313
0.99312
0.99311
0.9931
0.99309
0.99308
0.99307
0.99306
0.99306
0.99305
0.99305
0.99304
0.99303
0.99302
0.99301
0.993
0.99299
0.99297
0.99294
0.99291
0.99287
0.99282
0.99276
0.99268
0.99258
0.99246
0.9923
0.9921
0.99185
0.99154
0.99115
0.99066
0.99006
0.98881
0.98689
0.98464
0.98202
0.99116
0.9908
0.99011
0.98869
0.97394
0.91091
0.69771
0.24016
0.36757
0.83113
0.97223
0.99163
0.99284
0.99317
0.99328
0.99332
0.99334
0.99335
0.99336
0.99336
0.99336
0.99336
0.99336
0.99336
0.99336
0.99336
0.99336
0.99336
0.99336
0.99336
0.99336
0.99336
0.99336
0.99336
0.99336
0.99336
0.99336
0.99336
0.99336
0.99336
0.99336
0.99336
0.99336
0.99336
0.99335
0.99335
0.99335
0.99335
0.99334
0.99334
0.99333
0.99333
0.99332
0.99331
0.9933
0.9933
0.99329
0.99327
0.99326
0.99325
0.99324
0.99323
0.99322
0.9932
0.99319
0.99318
0.99317
0.99316
0.99315
0.99315
0.99314
0.99313
0.99312
0.99312
0.99311
0.9931
0.99309
0.99308
0.99307
0.99306
0.99304
0.99301
0.99298
0.99294
0.99289
0.99283
0.99275
0.99266
0.99253
0.99238
0.99218
0.99194
0.99163
0.99125
0.99078
0.99019
0.98887
0.98696
0.98474
0.98215
0.99089
0.99057
0.98994
0.98865
0.97636
0.91824
0.71663
0.27255
0.33397
0.8179
0.9701
0.99103
0.99241
0.99279
0.99291
0.99296
0.99298
0.99299
0.993
0.993
0.993
0.993
0.99301
0.99301
0.99301
0.99301
0.99301
0.99301
0.99301
0.99301
0.99301
0.99301
0.99301
0.99301
0.99301
0.99301
0.99301
0.99301
0.993
0.993
0.993
0.993
0.993
0.993
0.993
0.99299
0.99299
0.99299
0.99299
0.99298
0.99298
0.99297
0.99296
0.99296
0.99295
0.99294
0.99293
0.99292
0.99291
0.9929
0.99288
0.99287
0.99286
0.99285
0.99284
0.99282
0.99281
0.9928
0.9928
0.99279
0.99278
0.99277
0.99277
0.99276
0.99275
0.99274
0.99273
0.99272
0.99271
0.99269
0.99267
0.99265
0.99262
0.99258
0.99253
0.99247
0.99239
0.99229
0.99217
0.99202
0.99183
0.99159
0.99129
0.99091
0.99045
0.98987
0.98891
0.98702
0.98481
0.98224
0.99024
0.98995
0.98938
0.98821
0.97857
0.92514
0.73524
0.30543
0.29864
0.80322
0.96767
0.98999
0.99158
0.99202
0.99216
0.99221
0.99224
0.99225
0.99226
0.99226
0.99226
0.99227
0.99227
0.99227
0.99227
0.99227
0.99227
0.99227
0.99227
0.99227
0.99227
0.99227
0.99227
0.99227
0.99227
0.99227
0.99227
0.99227
0.99227
0.99227
0.99226
0.99226
0.99226
0.99226
0.99226
0.99226
0.99225
0.99225
0.99225
0.99224
0.99224
0.99223
0.99223
0.99222
0.99221
0.9922
0.99219
0.99218
0.99217
0.99216
0.99215
0.99213
0.99212
0.99211
0.9921
0.99209
0.99208
0.99207
0.99206
0.99205
0.99204
0.99203
0.99202
0.99202
0.99201
0.992
0.99199
0.99198
0.99196
0.99195
0.99193
0.9919
0.99187
0.99183
0.99178
0.99172
0.99165
0.99155
0.99143
0.99128
0.99109
0.99085
0.99056
0.99019
0.98973
0.98916
0.98846
0.98706
0.98487
0.98231
0.98981
0.98954
0.98902
0.98795
0.98056
0.9316
0.75341
0.33863
0.26165
0.78697
0.96488
0.98912
0.99095
0.99145
0.99162
0.99168
0.99171
0.99173
0.99173
0.99174
0.99174
0.99174
0.99174
0.99175
0.99175
0.99175
0.99175
0.99175
0.99175
0.99175
0.99175
0.99175
0.99175
0.99175
0.99175
0.99175
0.99175
0.99174
0.99174
0.99174
0.99174
0.99174
0.99174
0.99174
0.99174
0.99173
0.99173
0.99173
0.99172
0.99172
0.99171
0.99171
0.9917
0.9917
0.99169
0.99168
0.99167
0.99166
0.99165
0.99164
0.99162
0.99161
0.9916
0.99159
0.99158
0.99157
0.99155
0.99154
0.99153
0.99152
0.99152
0.99151
0.9915
0.99149
0.99148
0.99147
0.99146
0.99145
0.99144
0.99142
0.9914
0.99137
0.99134
0.9913
0.99125
0.99119
0.99112
0.99102
0.9909
0.99075
0.99056
0.99033
0.99003
0.98967
0.98921
0.98865
0.98796
0.98708
0.9849
0.98236
0.9904
0.99016
0.98969
0.98872
0.98236
0.9376
0.771
0.37196
0.22311
0.76903
0.96168
0.98921
0.99133
0.99192
0.99212
0.99219
0.99223
0.99224
0.99225
0.99225
0.99226
0.99226
0.99226
0.99226
0.99226
0.99226
0.99226
0.99226
0.99226
0.99226
0.99226
0.99226
0.99226
0.99226
0.99226
0.99226
0.99226
0.99226
0.99226
0.99226
0.99226
0.99226
0.99226
0.99226
0.99225
0.99225
0.99225
0.99224
0.99224
0.99224
0.99223
0.99223
0.99222
0.99221
0.9922
0.9922
0.99219
0.99218
0.99217
0.99215
0.99214
0.99213
0.99212
0.99211
0.99209
0.99208
0.99207
0.99206
0.99205
0.99204
0.99203
0.99202
0.99201
0.992
0.99199
0.99198
0.99197
0.99196
0.99195
0.99193
0.99191
0.99188
0.99185
0.99181
0.99176
0.9917
0.99162
0.99153
0.99141
0.99126
0.99107
0.99084
0.99054
0.99018
0.98973
0.98917
0.98849
0.98709
0.98491
0.98238
0.99184
0.99162
0.99119
0.99031
0.98398
0.94314
0.78791
0.40521
0.18313
0.74927
0.95803
0.99007
0.99254
0.99323
0.99346
0.99355
0.99358
0.9936
0.99361
0.99362
0.99362
0.99363
0.99363
0.99363
0.99363
0.99363
0.99363
0.99363
0.99363
0.99363
0.99363
0.99363
0.99363
0.99363
0.99363
0.99363
0.99363
0.99363
0.99363
0.99363
0.99362
0.99362
0.99362
0.99362
0.99362
0.99362
0.99361
0.99361
0.99361
0.9936
0.9936
0.99359
0.99359
0.99358
0.99357
0.99356
0.99355
0.99354
0.99353
0.99352
0.99351
0.9935
0.99348
0.99347
0.99346
0.99345
0.99344
0.99342
0.99341
0.9934
0.99339
0.99338
0.99337
0.99337
0.99336
0.99334
0.99333
0.99332
0.9933
0.99329
0.99326
0.99324
0.9932
0.99316
0.99311
0.99305
0.99297
0.99288
0.99276
0.99261
0.99242
0.99219
0.9919
0.99153
0.99109
0.99052
0.98893
0.98708
0.98491
0.98239
0.99265
0.99245
0.99206
0.99126
0.98543
0.94823
0.80406
0.43821
0.14187
0.72754
0.95385
0.9902
0.99309
0.9939
0.99417
0.99427
0.99431
0.99434
0.99435
0.99435
0.99436
0.99436
0.99436
0.99436
0.99436
0.99436
0.99436
0.99436
0.99436
0.99437
0.99437
0.99436
0.99436
0.99436
0.99436
0.99436
0.99436
0.99436
0.99436
0.99436
0.99436
0.99436
0.99436
0.99436
0.99435
0.99435
0.99435
0.99435
0.99434
0.99434
0.99433
0.99433
0.99432
0.99431
0.99431
0.9943
0.99429
0.99428
0.99427
0.99425
0.99424
0.99423
0.99422
0.99421
0.99419
0.99418
0.99417
0.99416
0.99415
0.99414
0.99413
0.99412
0.99411
0.9941
0.99409
0.99407
0.99406
0.99405
0.99403
0.99401
0.99399
0.99396
0.99393
0.99389
0.99384
0.99377
0.99369
0.9936
0.99348
0.99333
0.99314
0.9929
0.99261
0.99225
0.9918
0.99049
0.98891
0.98705
0.98489
0.98237
0.99161
0.99143
0.99107
0.99035
0.98673
0.95288
0.81937
0.47076
0.099493
0.70374
0.94908
0.98837
0.99175
0.99271
0.99303
0.99315
0.9932
0.99322
0.99324
0.99325
0.99325
0.99325
0.99325
0.99326
0.99326
0.99326
0.99326
0.99326
0.99326
0.99326
0.99326
0.99326
0.99326
0.99326
0.99326
0.99326
0.99326
0.99326
0.99326
0.99326
0.99325
0.99325
0.99325
0.99325
0.99325
0.99325
0.99324
0.99324
0.99324
0.99323
0.99323
0.99322
0.99321
0.99321
0.9932
0.99319
0.99318
0.99317
0.99316
0.99315
0.99314
0.99312
0.99311
0.9931
0.99309
0.99307
0.99306
0.99305
0.99304
0.99303
0.99302
0.993
0.99299
0.99298
0.99297
0.99296
0.99295
0.99293
0.99292
0.9929
0.99287
0.99284
0.99281
0.99277
0.99271
0.99265
0.99257
0.99247
0.99235
0.9922
0.99201
0.99177
0.99148
0.99112
0.99067
0.99012
0.98887
0.98701
0.98485
0.98233
0.98883
0.98867
0.98834
0.98768
0.9862
0.95712
0.83382
0.50269
0.056206
0.67776
0.94364
0.98468
0.98864
0.98977
0.99014
0.99028
0.99035
0.99037
0.99039
0.9904
0.9904
0.99041
0.99041
0.99041
0.99041
0.99041
0.99041
0.99041
0.99041
0.99041
0.99041
0.99041
0.99041
0.99041
0.99041
0.99041
0.99041
0.99041
0.99041
0.99041
0.99041
0.99041
0.99041
0.99041
0.9904
0.9904
0.9904
0.99039
0.99039
0.99039
0.99038
0.99038
0.99037
0.99036
0.99035
0.99034
0.99034
0.99032
0.99031
0.9903
0.99029
0.99028
0.99027
0.99025
0.99024
0.99023
0.99021
0.9902
0.99019
0.99018
0.99017
0.99016
0.99014
0.99013
0.99012
0.99011
0.99009
0.99008
0.99006
0.99004
0.99002
0.98999
0.98995
0.98991
0.98985
0.98979
0.98971
0.98961
0.98948
0.98933
0.98914
0.9889
0.98861
0.98824
0.98779
0.98724
0.98656
0.98574
0.98475
0.98228
0.98629
0.98614
0.98585
0.98525
0.98391
0.96097
0.84737
0.53384
0.012224
0.64951
0.93744
0.98108
0.98572
0.98705
0.98749
0.98766
0.98773
0.98777
0.98778
0.98779
0.9878
0.9878
0.98781
0.98781
0.98781
0.98781
0.98781
0.98781
0.98781
0.98781
0.98781
0.98781
0.98781
0.98781
0.98781
0.98781
0.98781
0.98781
0.98781
0.98781
0.98781
0.98781
0.9878
0.9878
0.9878
0.9878
0.98779
0.98779
0.98779
0.98778
0.98778
0.98777
0.98777
0.98776
0.98775
0.98774
0.98773
0.98772
0.98771
0.9877
0.98769
0.98767
0.98766
0.98765
0.98763
0.98762
0.98761
0.9876
0.98758
0.98757
0.98756
0.98755
0.98753
0.98752
0.98751
0.9875
0.98748
0.98747
0.98745
0.98743
0.9874
0.98737
0.98733
0.98729
0.98723
0.98716
0.98708
0.98698
0.98685
0.9867
0.9865
0.98626
0.98597
0.9856
0.98515
0.98459
0.98391
0.98309
0.98209
0.9809
0.98634
0.98621
0.98595
0.9854
0.98419
0.96445
0.86002
0.56406
0.032221
0.61893
0.9304
0.97992
0.98535
0.98692
0.98744
0.98763
0.98772
0.98776
0.98778
0.98779
0.9878
0.9878
0.98781
0.98781
0.98781
0.98781
0.98781
0.98781
0.98781
0.98781
0.98781
0.98781
0.98781
0.98781
0.98781
0.98781
0.98781
0.98781
0.98781
0.98781
0.98781
0.98781
0.9878
0.9878
0.9878
0.9878
0.98779
0.98779
0.98779
0.98778
0.98778
0.98777
0.98776
0.98776
0.98775
0.98774
0.98773
0.98772
0.98771
0.9877
0.98768
0.98767
0.98766
0.98765
0.98763
0.98762
0.9876
0.98759
0.98758
0.98757
0.98755
0.98754
0.98753
0.98752
0.9875
0.98749
0.98747
0.98746
0.98744
0.98741
0.98739
0.98735
0.98732
0.98727
0.98721
0.98714
0.98706
0.98695
0.98682
0.98667
0.98647
0.98622
0.98592
0.98555
0.9851
0.98454
0.98386
0.98303
0.98203
0.98083
0.98907
0.98895
0.98871
0.98821
0.98712
0.9676
0.87179
0.59324
0.076889
0.58597
0.92242
0.98123
0.98758
0.98943
0.99005
0.99028
0.99038
0.99042
0.99045
0.99046
0.99047
0.99047
0.99048
0.99048
0.99048
0.99048
0.99048
0.99048
0.99048
0.99048
0.99048
0.99048
0.99048
0.99048
0.99048
0.99048
0.99048
0.99048
0.99048
0.99048
0.99048
0.99048
0.99048
0.99047
0.99047
0.99047
0.99047
0.99046
0.99046
0.99045
0.99045
0.99044
0.99044
0.99043
0.99042
0.99041
0.9904
0.99039
0.99038
0.99037
0.99035
0.99034
0.99033
0.99031
0.9903
0.99029
0.99027
0.99026
0.99025
0.99023
0.99022
0.99021
0.99019
0.99018
0.99016
0.99015
0.99013
0.99012
0.99009
0.99007
0.99004
0.99001
0.98997
0.98992
0.98986
0.98979
0.9897
0.9896
0.98946
0.9893
0.9891
0.98885
0.98855
0.98817
0.98771
0.98715
0.98646
0.98562
0.98454
0.98201
0.99216
0.99205
0.99183
0.99138
0.99039
0.97044
0.88269
0.62126
0.12154
0.55063
0.9134
0.98269
0.9901
0.99229
0.99301
0.99328
0.9934
0.99345
0.99348
0.99349
0.9935
0.99351
0.99351
0.99352
0.99352
0.99352
0.99352
0.99352
0.99352
0.99352
0.99352
0.99352
0.99352
0.99352
0.99352
0.99352
0.99352
0.99352
0.99352
0.99352
0.99352
0.99352
0.99351
0.99351
0.99351
0.99351
0.9935
0.9935
0.99349
0.99349
0.99348
0.99348
0.99347
0.99346
0.99346
0.99345
0.99344
0.99343
0.99341
0.9934
0.99339
0.99338
0.99336
0.99335
0.99333
0.99332
0.99331
0.99329
0.99328
0.99326
0.99325
0.99324
0.99322
0.99321
0.99319
0.99318
0.99316
0.99314
0.99312
0.99309
0.99306
0.99303
0.99299
0.99294
0.99287
0.9928
0.99271
0.9926
0.99247
0.9923
0.99209
0.99184
0.99153
0.99115
0.99068
0.9901
0.98849
0.98661
0.98442
0.98188
0.99352
0.99343
0.99323
0.99282
0.99191
0.97301
0.89275
0.64806
0.16592
0.51294
0.90325
0.98096
0.99082
0.99338
0.99423
0.99455
0.99469
0.99475
0.99479
0.9948
0.99482
0.99482
0.99483
0.99483
0.99483
0.99483
0.99483
0.99483
0.99484
0.99484
0.99484
0.99484
0.99484
0.99484
0.99484
0.99483
0.99483
0.99483
0.99483
0.99483
0.99483
0.99483
0.99483
0.99482
0.99482
0.99482
0.99482
0.99481
0.99481
0.9948
0.9948
0.99479
0.99478
0.99478
0.99477
0.99476
0.99475
0.99474
0.99472
0.99471
0.9947
0.99469
0.99467
0.99466
0.99464
0.99463
0.99461
0.9946
0.99458
0.99457
0.99455
0.99454
0.99453
0.99451
0.99449
0.99448
0.99446
0.99444
0.99442
0.99439
0.99436
0.99432
0.99428
0.99422
0.99416
0.99409
0.99399
0.99388
0.99374
0.99357
0.99336
0.9931
0.99278
0.9924
0.99138
0.99
0.98838
0.98649
0.98429
0.98174
0.99285
0.99277
0.99258
0.99221
0.99139
0.97533
0.90203
0.67358
0.20982
0.47296
0.89186
0.97841
0.9894
0.99241
0.99341
0.99379
0.99395
0.99402
0.99406
0.99408
0.99409
0.9941
0.99411
0.99411
0.99411
0.99411
0.99412
0.99412
0.99412
0.99412
0.99412
0.99412
0.99412
0.99412
0.99412
0.99412
0.99412
0.99411
0.99411
0.99411
0.99411
0.99411
0.99411
0.99411
0.9941
0.9941
0.9941
0.99409
0.99409
0.99408
0.99408
0.99407
0.99406
0.99405
0.99405
0.99404
0.99403
0.99401
0.994
0.99399
0.99398
0.99396
0.99395
0.99393
0.99392
0.9939
0.99389
0.99387
0.99386
0.99384
0.99383
0.99381
0.9938
0.99378
0.99376
0.99375
0.99373
0.9937
0.99368
0.99365
0.99362
0.99358
0.99353
0.99348
0.99341
0.99333
0.99324
0.99312
0.99298
0.9928
0.99259
0.99232
0.992
0.9916
0.99112
0.98989
0.98826
0.98636
0.98414
0.98158
0.99115
0.99107
0.99091
0.99057
0.98983
0.97743
0.91055
0.6978
0.25302
0.43082
0.87911
0.97526
0.98686
0.99038
0.99155
0.99199
0.99218
0.99226
0.99231
0.99233
0.99235
0.99236
0.99236
0.99237
0.99237
0.99237
0.99237
0.99237
0.99237
0.99237
0.99237
0.99237
0.99237
0.99237
0.99237
0.99237
0.99237
0.99237
0.99237
0.99237
0.99237
0.99237
0.99236
0.99236
0.99236
0.99235
0.99235
0.99235
0.99234
0.99234
0.99233
0.99232
0.99232
0.99231
0.9923
0.99229
0.99228
0.99227
0.99225
0.99224
0.99223
0.99221
0.9922
0.99218
0.99217
0.99215
0.99214
0.99212
0.99211
0.99209
0.99207
0.99206
0.99204
0.99202
0.99201
0.99199
0.99197
0.99194
0.99192
0.99189
0.99185
0.99181
0.99176
0.99171
0.99164
0.99156
0.99146
0.99134
0.99119
0.99101
0.99078
0.99051
0.99018
0.98978
0.98928
0.98868
0.98796
0.98621
0.98398
0.9814
0.9902
0.99014
0.98999
0.98968
0.989
0.97932
0.91838
0.72069
0.29532
0.38665
0.86491
0.97158
0.98495
0.98906
0.99043
0.99094
0.99116
0.99126
0.99131
0.99134
0.99135
0.99136
0.99137
0.99138
0.99138
0.99138
0.99138
0.99138
0.99138
0.99138
0.99138
0.99138
0.99138
0.99138
0.99138
0.99138
0.99138
0.99138
0.99138
0.99138
0.99138
0.99138
0.99137
0.99137
0.99137
0.99137
0.99136
0.99136
0.99135
0.99135
0.99134
0.99133
0.99133
0.99132
0.99131
0.9913
0.99129
0.99127
0.99126
0.99125
0.99123
0.99122
0.99121
0.99119
0.99117
0.99116
0.99114
0.99113
0.99111
0.99109
0.99108
0.99106
0.99104
0.99102
0.991
0.99098
0.99096
0.99094
0.99091
0.99088
0.99084
0.9908
0.99075
0.99069
0.99062
0.99053
0.99043
0.9903
0.99015
0.98996
0.98973
0.98945
0.98911
0.9887
0.98819
0.98758
0.98684
0.98595
0.9838
0.9812
0.99059
0.99054
0.99041
0.99012
0.98951
0.98104
0.92556
0.74226
0.33656
0.34065
0.84913
0.96849
0.98427
0.98903
0.99063
0.99123
0.99148
0.9916
0.99165
0.99169
0.99171
0.99172
0.99173
0.99173
0.99173
0.99174
0.99174
0.99174
0.99174
0.99174
0.99174
0.99174
0.99174
0.99174
0.99174
0.99174
0.99174
0.99174
0.99174
0.99174
0.99173
0.99173
0.99173
0.99173
0.99172
0.99172
0.99172
0.99171
0.99171
0.9917
0.99169
0.99169
0.99168
0.99167
0.99166
0.99165
0.99164
0.99163
0.99161
0.9916
0.99159
0.99157
0.99156
0.99154
0.99152
0.99151
0.99149
0.99147
0.99146
0.99144
0.99142
0.9914
0.99138
0.99136
0.99134
0.99132
0.9913
0.99127
0.99124
0.99121
0.99117
0.99113
0.99107
0.99101
0.99094
0.99085
0.99074
0.99061
0.99045
0.99026
0.99002
0.98973
0.98938
0.98896
0.98844
0.98782
0.98706
0.98587
0.98361
0.98098
0.99136
0.99132
0.9912
0.99094
0.99038
0.98259
0.93213
0.76254
0.3766
0.29304
0.83167
0.9643
0.98381
0.98933
0.99119
0.99188
0.99217
0.99231
0.99237
0.99241
0.99243
0.99245
0.99245
0.99246
0.99246
0.99247
0.99247
0.99247
0.99247
0.99247
0.99247
0.99247
0.99247
0.99247
0.99247
0.99247
0.99247
0.99247
0.99247
0.99247
0.99246
0.99246
0.99246
0.99246
0.99245
0.99245
0.99245
0.99244
0.99244
0.99243
0.99242
0.99242
0.99241
0.9924
0.99239
0.99238
0.99237
0.99235
0.99234
0.99233
0.99231
0.9923
0.99228
0.99226
0.99225
0.99223
0.99221
0.99219
0.99218
0.99216
0.99214
0.99212
0.9921
0.99208
0.99206
0.99204
0.99201
0.99198
0.99195
0.99192
0.99188
0.99183
0.99177
0.99171
0.99163
0.99154
0.99142
0.99129
0.99112
0.99092
0.99068
0.99038
0.99002
0.98958
0.98905
0.98841
0.98764
0.98568
0.98339
0.98075
0.99188
0.99184
0.99173
0.99149
0.99098
0.984
0.93815
0.78155
0.41532
0.24407
0.81243
0.95962
0.98296
0.98932
0.99147
0.99227
0.99261
0.99276
0.99284
0.99288
0.99291
0.99292
0.99293
0.99294
0.99294
0.99294
0.99295
0.99295
0.99295
0.99295
0.99295
0.99295
0.99295
0.99295
0.99295
0.99295
0.99295
0.99295
0.99295
0.99294
0.99294
0.99294
0.99294
0.99293
0.99293
0.99293
0.99292
0.99292
0.99291
0.99291
0.9929
0.99289
0.99288
0.99287
0.99286
0.99285
0.99284
0.99283
0.99281
0.9928
0.99278
0.99277
0.99275
0.99273
0.99272
0.9927
0.99268
0.99266
0.99264
0.99262
0.9926
0.99258
0.99256
0.99254
0.99252
0.99249
0.99247
0.99244
0.99241
0.99237
0.99233
0.99228
0.99222
0.99215
0.99207
0.99197
0.99185
0.99171
0.99153
0.99133
0.99107
0.99077
0.9904
0.98995
0.9894
0.98875
0.98747
0.98547
0.98316
0.9805
0.99235
0.99232
0.99222
0.992
0.99154
0.98529
0.94365
0.79934
0.45263
0.19403
0.7913
0.9544
0.98191
0.98921
0.99169
0.99261
0.993
0.99318
0.99326
0.99331
0.99334
0.99336
0.99337
0.99337
0.99338
0.99338
0.99339
0.99339
0.99339
0.99339
0.99339
0.99339
0.99339
0.99339
0.99339
0.99339
0.99339
0.99339
0.99339
0.99338
0.99338
0.99338
0.99338
0.99337
0.99337
0.99337
0.99336
0.99336
0.99335
0.99334
0.99334
0.99333
0.99332
0.99331
0.9933
0.99329
0.99327
0.99326
0.99325
0.99323
0.99322
0.9932
0.99318
0.99316
0.99315
0.99313
0.99311
0.99309
0.99307
0.99305
0.99303
0.99301
0.99299
0.99296
0.99294
0.99291
0.99289
0.99285
0.99282
0.99278
0.99273
0.99268
0.99262
0.99255
0.99246
0.99236
0.99223
0.99208
0.9919
0.99169
0.99143
0.99111
0.99073
0.99026
0.9897
0.989
0.98727
0.98525
0.98292
0.98022
0.99293
0.9929
0.99282
0.99262
0.9922
0.98646
0.94869
0.81596
0.48848
0.14321
0.76819
0.94861
0.9808
0.98915
0.99199
0.99306
0.9935
0.9937
0.9938
0.99385
0.99388
0.9939
0.99392
0.99392
0.99393
0.99393
0.99394
0.99394
0.99394
0.99394
0.99394
0.99394
0.99394
0.99394
0.99394
0.99394
0.99394
0.99394
0.99394
0.99393
0.99393
0.99393
0.99393
0.99392
0.99392
0.99392
0.99391
0.99391
0.9939
0.99389
0.99388
0.99388
0.99387
0.99386
0.99384
0.99383
0.99382
0.99381
0.99379
0.99378
0.99376
0.99374
0.99372
0.99371
0.99369
0.99367
0.99365
0.99363
0.99361
0.99359
0.99356
0.99354
0.99352
0.99349
0.99347
0.99344
0.99341
0.99338
0.99334
0.9933
0.99325
0.99319
0.99313
0.99305
0.99296
0.99285
0.99272
0.99257
0.99238
0.99215
0.99188
0.99155
0.99116
0.99068
0.9901
0.9888
0.98705
0.98501
0.98265
0.97993
0.99333
0.9933
0.99323
0.99305
0.99266
0.98752
0.9533
0.83145
0.52282
0.091923
0.743
0.9422
0.97932
0.98883
0.99208
0.9933
0.9938
0.99403
0.99414
0.99421
0.99424
0.99426
0.99428
0.99429
0.99429
0.9943
0.9943
0.9943
0.9943
0.9943
0.9943
0.9943
0.9943
0.9943
0.9943
0.9943
0.9943
0.9943
0.9943
0.9943
0.9943
0.99429
0.99429
0.99429
0.99428
0.99428
0.99427
0.99427
0.99426
0.99425
0.99424
0.99424
0.99423
0.99422
0.9942
0.99419
0.99418
0.99416
0.99415
0.99413
0.99411
0.9941
0.99408
0.99406
0.99404
0.99402
0.994
0.99398
0.99396
0.99393
0.99391
0.99389
0.99386
0.99384
0.99381
0.99378
0.99375
0.99371
0.99367
0.99363
0.99358
0.99352
0.99345
0.99337
0.99327
0.99316
0.99302
0.99286
0.99266
0.99243
0.99214
0.9918
0.99139
0.9909
0.99012
0.9886
0.98682
0.98476
0.98237
0.97961
0.99313
0.99312
0.99305
0.99288
0.99253
0.9885
0.95752
0.84587
0.55563
0.040468
0.71566
0.93514
0.97708
0.98786
0.99156
0.99294
0.99351
0.99377
0.9939
0.99397
0.99401
0.99404
0.99405
0.99406
0.99407
0.99407
0.99408
0.99408
0.99408
0.99408
0.99408
0.99408
0.99408
0.99408
0.99408
0.99408
0.99408
0.99408
0.99408
0.99407
0.99407
0.99407
0.99407
0.99406
0.99406
0.99405
0.99405
0.99404
0.99403
0.99403
0.99402
0.99401
0.994
0.99399
0.99398
0.99396
0.99395
0.99393
0.99392
0.9939
0.99388
0.99386
0.99384
0.99382
0.9938
0.99378
0.99376
0.99374
0.99372
0.99369
0.99367
0.99364
0.99362
0.99359
0.99356
0.99353
0.9935
0.99346
0.99342
0.99337
0.99332
0.99325
0.99318
0.99309
0.99299
0.99287
0.99273
0.99256
0.99235
0.99211
0.99181
0.99146
0.99103
0.99052
0.9899
0.98838
0.98657
0.98448
0.98206
0.97927
0.99208
0.99207
0.99201
0.99186
0.99153
0.9894
0.96138
0.85928
0.58692
0.010855
0.6861
0.92738
0.97378
0.98595
0.99015
0.99172
0.99236
0.99266
0.9928
0.99288
0.99292
0.99295
0.99297
0.99298
0.99299
0.99299
0.99299
0.993
0.993
0.993
0.993
0.993
0.993
0.993
0.993
0.993
0.993
0.993
0.993
0.99299
0.99299
0.99299
0.99298
0.99298
0.99298
0.99297
0.99296
0.99296
0.99295
0.99294
0.99293
0.99292
0.99291
0.9929
0.99289
0.99287
0.99286
0.99284
0.99283
0.99281
0.99279
0.99277
0.99275
0.99273
0.99271
0.99269
0.99266
0.99264
0.99262
0.99259
0.99257
0.99254
0.99251
0.99249
0.99245
0.99242
0.99238
0.99234
0.9923
0.99225
0.99219
0.99212
0.99205
0.99196
0.99185
0.99172
0.99157
0.99139
0.99118
0.99092
0.99061
0.99024
0.9898
0.98927
0.98863
0.98788
0.98631
0.98419
0.98173
0.97891
0.99048
0.99047
0.99041
0.99028
0.98998
0.98928
0.96492
0.87174
0.6167
0.061763
0.65429
0.91888
0.96975
0.98343
0.98817
0.98993
0.99066
0.99099
0.99115
0.99123
0.99128
0.99131
0.99133
0.99135
0.99135
0.99136
0.99136
0.99137
0.99137
0.99137
0.99137
0.99137
0.99137
0.99137
0.99137
0.99137
0.99137
0.99137
0.99136
0.99136
0.99136
0.99136
0.99135
0.99135
0.99134
0.99134
0.99133
0.99133
0.99132
0.99131
0.9913
0.99129
0.99128
0.99127
0.99125
0.99124
0.99122
0.99121
0.99119
0.99117
0.99115
0.99113
0.99111
0.99109
0.99107
0.99104
0.99102
0.99099
0.99097
0.99094
0.99092
0.99089
0.99086
0.99083
0.9908
0.99076
0.99072
0.99068
0.99063
0.99058
0.99051
0.99044
0.99036
0.99026
0.99015
0.99002
0.98986
0.98967
0.98945
0.98918
0.98885
0.98847
0.98801
0.98746
0.9868
0.98602
0.98509
0.98387
0.98138
0.97852
0.98965
0.98964
0.98959
0.98947
0.9892
0.98856
0.96815
0.88329
0.64499
0.112
0.6202
0.9096
0.96629
0.9816
0.98692
0.98891
0.98972
0.99009
0.99027
0.99036
0.99042
0.99045
0.99047
0.99048
0.99049
0.9905
0.99051
0.99051
0.99051
0.99051
0.99051
0.99051
0.99051
0.99051
0.99051
0.99051
0.99051
0.99051
0.99051
0.9905
0.9905
0.9905
0.99049
0.99049
0.99048
0.99048
0.99047
0.99046
0.99046
0.99045
0.99044
0.99043
0.99041
0.9904
0.99039
0.99037
0.99036
0.99034
0.99032
0.9903
0.99028
0.99026
0.99024
0.99022
0.99019
0.99017
0.99014
0.99012
0.99009
0.99006
0.99003
0.99
0.98997
0.98994
0.98991
0.98987
0.98983
0.98978
0.98973
0.98967
0.98961
0.98953
0.98944
0.98934
0.98922
0.98908
0.98891
0.98871
0.98848
0.9882
0.98786
0.98746
0.98698
0.98641
0.98572
0.98492
0.98396
0.98283
0.98101
0.97811
0.9905
0.99049
0.99045
0.99034
0.99009
0.9895
0.97112
0.89401
0.67184
0.16134
0.58382
0.89947
0.96431
0.98138
0.98734
0.98955
0.99046
0.99086
0.99106
0.99117
0.99123
0.99127
0.99129
0.99131
0.99132
0.99132
0.99133
0.99133
0.99133
0.99134
0.99134
0.99134
0.99134
0.99134
0.99134
0.99134
0.99133
0.99133
0.99133
0.99133
0.99132
0.99132
0.99132
0.99131
0.99131
0.9913
0.99129
0.99128
0.99128
0.99127
0.99126
0.99124
0.99123
0.99122
0.9912
0.99119
0.99117
0.99115
0.99113
0.99111
0.99109
0.99107
0.99105
0.99102
0.991
0.99097
0.99095
0.99092
0.99089
0.99086
0.99083
0.9908
0.99077
0.99073
0.9907
0.99065
0.99061
0.99056
0.99051
0.99045
0.99038
0.99029
0.9902
0.99009
0.98997
0.98982
0.98964
0.98943
0.98918
0.98889
0.98854
0.98812
0.98762
0.98702
0.98631
0.98548
0.98449
0.98318
0.98061
0.97767
0.99207
0.99207
0.99203
0.99193
0.9917
0.99116
0.97383
0.90392
0.69729
0.20958
0.5452
0.88846
0.96286
0.98181
0.98844
0.99091
0.99191
0.99236
0.99258
0.9927
0.99277
0.99281
0.99283
0.99285
0.99286
0.99287
0.99287
0.99288
0.99288
0.99288
0.99288
0.99289
0.99289
0.99288
0.99288
0.99288
0.99288
0.99288
0.99288
0.99287
0.99287
0.99287
0.99286
0.99286
0.99285
0.99284
0.99284
0.99283
0.99282
0.99281
0.9928
0.99279
0.99277
0.99276
0.99274
0.99273
0.99271
0.99269
0.99267
0.99265
0.99262
0.9926
0.99258
0.99255
0.99253
0.9925
0.99247
0.99244
0.99241
0.99238
0.99235
0.99232
0.99228
0.99224
0.99221
0.99216
0.99211
0.99206
0.992
0.99194
0.99186
0.99178
0.99168
0.99156
0.99143
0.99127
0.99108
0.99086
0.9906
0.99029
0.98992
0.98948
0.98896
0.98834
0.98761
0.98674
0.98506
0.98279
0.98019
0.9772
0.99311
0.99311
0.99308
0.99299
0.99277
0.99228
0.97631
0.91309
0.72137
0.25656
0.5044
0.87649
0.96068
0.98165
0.989
0.99173
0.99284
0.99333
0.99357
0.9937
0.99377
0.99382
0.99385
0.99386
0.99388
0.99389
0.99389
0.9939
0.9939
0.9939
0.9939
0.9939
0.9939
0.9939
0.9939
0.9939
0.9939
0.9939
0.99389
0.99389
0.99389
0.99388
0.99388
0.99387
0.99387
0.99386
0.99385
0.99384
0.99383
0.99382
0.99381
0.9938
0.99378
0.99377
0.99375
0.99373
0.99371
0.99369
0.99367
0.99365
0.99363
0.9936
0.99358
0.99355
0.99352
0.99349
0.99346
0.99343
0.9934
0.99337
0.99334
0.9933
0.99326
0.99322
0.99318
0.99314
0.99309
0.99303
0.99297
0.9929
0.99282
0.99273
0.99262
0.9925
0.99235
0.99219
0.99199
0.99176
0.99148
0.99115
0.99077
0.99031
0.98976
0.98912
0.98836
0.98669
0.98469
0.98239
0.97974
0.97671
0.99355
0.99356
0.99353
0.99344
0.99325
0.99279
0.97858
0.92156
0.74414
0.30217
0.46152
0.8635
0.95772
0.98082
0.98894
0.99194
0.99316
0.9937
0.99397
0.9941
0.99418
0.99423
0.99426
0.99428
0.9943
0.9943
0.99431
0.99432
0.99432
0.99432
0.99432
0.99432
0.99432
0.99432
0.99432
0.99432
0.99432
0.99432
0.99431
0.99431
0.99431
0.9943
0.9943
0.99429
0.99428
0.99428
0.99427
0.99426
0.99425
0.99424
0.99422
0.99421
0.99419
0.99418
0.99416
0.99414
0.99412
0.9941
0.99408
0.99405
0.99403
0.994
0.99398
0.99395
0.99392
0.99389
0.99386
0.99383
0.99379
0.99376
0.99372
0.99369
0.99365
0.9936
0.99356
0.99351
0.99346
0.9934
0.99333
0.99325
0.99317
0.99307
0.99296
0.99283
0.99268
0.9925
0.99229
0.99204
0.99175
0.99141
0.991
0.99052
0.98995
0.98928
0.9881
0.98634
0.9843
0.98196
0.97926
0.97618
0.99386
0.99387
0.99384
0.99376
0.99358
0.99316
0.98065
0.92937
0.76564
0.34631
0.41669
0.84942
0.95443
0.97979
0.98871
0.99201
0.99334
0.99393
0.99422
0.99437
0.99446
0.99451
0.99454
0.99456
0.99458
0.99459
0.99459
0.9946
0.9946
0.9946
0.99461
0.99461
0.99461
0.99461
0.99461
0.9946
0.9946
0.9946
0.9946
0.99459
0.99459
0.99458
0.99458
0.99457
0.99456
0.99455
0.99455
0.99454
0.99452
0.99451
0.9945
0.99448
0.99447
0.99445
0.99443
0.99441
0.99439
0.99437
0.99435
0.99432
0.99429
0.99427
0.99424
0.99421
0.99418
0.99415
0.99411
0.99408
0.99405
0.99401
0.99397
0.99393
0.99389
0.99384
0.99379
0.99374
0.99368
0.99362
0.99355
0.99347
0.99338
0.99327
0.99315
0.99301
0.99285
0.99266
0.99244
0.99218
0.99188
0.99151
0.99109
0.99058
0.98999
0.98929
0.98776
0.98596
0.98389
0.98149
0.97875
0.97562
0.99407
0.99408
0.99405
0.99398
0.99381
0.99342
0.98254
0.93656
0.78592
0.38892
0.37007
0.83417
0.9501
0.97861
0.98838
0.99198
0.99342
0.99406
0.99437
0.99454
0.99463
0.99468
0.99472
0.99474
0.99476
0.99477
0.99478
0.99478
0.99479
0.99479
0.99479
0.99479
0.99479
0.99479
0.99479
0.99479
0.99479
0.99478
0.99478
0.99478
0.99477
0.99476
0.99476
0.99475
0.99474
0.99473
0.99473
0.99471
0.9947
0.99469
0.99467
0.99466
0.99464
0.99462
0.9946
0.99458
0.99456
0.99454
0.99451
0.99449
0.99446
0.99443
0.9944
0.99437
0.99434
0.9943
0.99427
0.99423
0.99419
0.99416
0.99411
0.99407
0.99403
0.99398
0.99393
0.99387
0.99381
0.99374
0.99366
0.99358
0.99348
0.99337
0.99324
0.99309
0.99292
0.99272
0.99248
0.99221
0.99189
0.99151
0.99106
0.99053
0.98991
0.98899
0.9874
0.98556
0.98344
0.98101
0.97821
0.97503
0.99372
0.99373
0.99371
0.99365
0.99349
0.99313
0.98426
0.94316
0.80501
0.42997
0.32186
0.81767
0.94541
0.97683
0.98748
0.99139
0.99295
0.99364
0.99397
0.99415
0.99425
0.99431
0.99435
0.99437
0.99439
0.9944
0.99441
0.99441
0.99442
0.99442
0.99442
0.99442
0.99442
0.99442
0.99442
0.99442
0.99442
0.99441
0.99441
0.99441
0.9944
0.99439
0.99439
0.99438
0.99437
0.99436
0.99435
0.99434
0.99433
0.99431
0.9943
0.99428
0.99426
0.99424
0.99422
0.9942
0.99418
0.99415
0.99412
0.9941
0.99407
0.99404
0.99401
0.99397
0.99394
0.9939
0.99387
0.99383
0.99379
0.99375
0.9937
0.99366
0.99361
0.99356
0.9935
0.99344
0.99337
0.9933
0.99322
0.99312
0.99302
0.9929
0.99276
0.99261
0.99242
0.99221
0.99196
0.99167
0.99133
0.99093
0.99046
0.9899
0.98925
0.98849
0.98701
0.98513
0.98297
0.98048
0.97764
0.9744
0.99229
0.99231
0.99229
0.99223
0.99209
0.99175
0.98583
0.94921
0.82297
0.46946
0.27228
0.79983
0.94042
0.97394
0.98549
0.98972
0.9914
0.99214
0.9925
0.99269
0.99279
0.99286
0.9929
0.99292
0.99294
0.99295
0.99296
0.99297
0.99297
0.99298
0.99298
0.99298
0.99298
0.99298
0.99298
0.99297
0.99297
0.99297
0.99296
0.99296
0.99295
0.99295
0.99294
0.99293
0.99292
0.99291
0.9929
0.99289
0.99287
0.99286
0.99284
0.99282
0.9928
0.99278
0.99276
0.99274
0.99271
0.99269
0.99266
0.99263
0.9926
0.99257
0.99253
0.9925
0.99246
0.99242
0.99238
0.99234
0.9923
0.99226
0.99221
0.99216
0.99211
0.99205
0.99199
0.99193
0.99186
0.99178
0.99169
0.99159
0.99148
0.99135
0.9912
0.99104
0.99084
0.99062
0.99035
0.99004
0.98968
0.98926
0.98876
0.98818
0.9875
0.9867
0.98577
0.98468
0.98247
0.97993
0.97703
0.97374
0.98984
0.98985
0.98984
0.98978
0.98965
0.98933
0.98725
0.95475
0.83982
0.50739
0.22156
0.78055
0.93432
0.96998
0.98247
0.98702
0.98882
0.98961
0.98999
0.99019
0.9903
0.99037
0.99041
0.99044
0.99046
0.99047
0.99048
0.99049
0.99049
0.9905
0.9905
0.9905
0.9905
0.9905
0.9905
0.99049
0.99049
0.99049
0.99048
0.99048
0.99047
0.99046
0.99046
0.99045
0.99044
0.99043
0.99041
0.9904
0.99039
0.99037
0.99035
0.99033
0.99031
0.99029
0.99027
0.99024
0.99021
0.99019
0.99016
0.99013
0.99009
0.99006
0.99002
0.98999
0.98995
0.98991
0.98986
0.98982
0.98978
0.98973
0.98968
0.98963
0.98957
0.98951
0.98945
0.98938
0.9893
0.98922
0.98912
0.98901
0.98889
0.98876
0.9886
0.98842
0.98821
0.98797
0.98769
0.98737
0.98699
0.98654
0.98602
0.98541
0.98469
0.98386
0.98289
0.98176
0.98045
0.97895
0.97639
0.97303
0.98772
0.98773
0.98772
0.98767
0.98755
0.98725
0.98648
0.95979
0.85559
0.54379
0.16996
0.75975
0.9278
0.96633
0.9798
0.98467
0.98659
0.98742
0.98782
0.98803
0.98815
0.98822
0.98827
0.9883
0.98832
0.98833
0.98834
0.98835
0.98835
0.98836
0.98836
0.98836
0.98836
0.98836
0.98836
0.98835
0.98835
0.98835
0.98834
0.98834
0.98833
0.98832
0.98831
0.9883
0.98829
0.98828
0.98827
0.98825
0.98824
0.98822
0.9882
0.98818
0.98816
0.98813
0.98811
0.98808
0.98805
0.98802
0.98799
0.98796
0.98792
0.98789
0.98785
0.98781
0.98777
0.98772
0.98768
0.98763
0.98759
0.98754
0.98748
0.98743
0.98737
0.9873
0.98723
0.98716
0.98707
0.98698
0.98688
0.98677
0.98664
0.98649
0.98633
0.98613
0.98591
0.98566
0.98536
0.98501
0.98461
0.98414
0.98359
0.98295
0.9822
0.98133
0.98031
0.97914
0.97779
0.97623
0.97444
0.97229
0.98771
0.98773
0.98772
0.98768
0.98756
0.98728
0.98657
0.96437
0.87032
0.57868
0.11772
0.73733
0.92325
0.96479
0.97924
0.98443
0.98647
0.98735
0.98777
0.98799
0.98812
0.98819
0.98824
0.98827
0.98829
0.98831
0.98832
0.98832
0.98833
0.98833
0.98833
0.98834
0.98834
0.98833
0.98833
0.98833
0.98832
0.98832
0.98831
0.98831
0.9883
0.98829
0.98828
0.98827
0.98826
0.98825
0.98823
0.98822
0.9882
0.98818
0.98816
0.98814
0.98811
0.98809
0.98806
0.98803
0.988
0.98797
0.98794
0.9879
0.98786
0.98783
0.98779
0.98774
0.9877
0.98765
0.98761
0.98756
0.98751
0.98745
0.98739
0.98733
0.98727
0.9872
0.98713
0.98705
0.98696
0.98686
0.98675
0.98663
0.98649
0.98633
0.98615
0.98595
0.98571
0.98544
0.98512
0.98476
0.98433
0.98383
0.98325
0.98258
0.98179
0.98088
0.97983
0.9786
0.9772
0.97558
0.97374
0.9715
0.98964
0.98966
0.98965
0.98961
0.9895
0.98924
0.98857
0.96852
0.88402
0.61209
0.065091
0.7132
0.91735
0.96518
0.98063
0.98614
0.98828
0.98921
0.98965
0.98988
0.99001
0.99009
0.99014
0.99017
0.9902
0.99021
0.99022
0.99023
0.99024
0.99024
0.99024
0.99024
0.99024
0.99024
0.99024
0.99023
0.99023
0.99022
0.99022
0.99021
0.9902
0.99019
0.99018
0.99017
0.99016
0.99014
0.99013
0.99011
0.99009
0.99007
0.99005
0.99003
0.99
0.98997
0.98995
0.98991
0.98988
0.98985
0.98981
0.98977
0.98973
0.98969
0.98965
0.9896
0.98956
0.98951
0.98946
0.98941
0.98935
0.98929
0.98923
0.98917
0.9891
0.98902
0.98894
0.98886
0.98876
0.98866
0.98854
0.98841
0.98826
0.98809
0.9879
0.98768
0.98743
0.98714
0.9868
0.98641
0.98596
0.98543
0.98482
0.98411
0.98329
0.98234
0.98124
0.97996
0.9785
0.97683
0.97422
0.97067
0.99154
0.99156
0.99155
0.99151
0.99141
0.99117
0.99054
0.97225
0.89673
0.64405
0.0123
0.68728
0.91069
0.96555
0.98202
0.98783
0.99008
0.99104
0.9915
0.99174
0.99188
0.99196
0.99201
0.99205
0.99207
0.99209
0.9921
0.99211
0.99211
0.99212
0.99212
0.99212
0.99212
0.99211
0.99211
0.99211
0.9921
0.9921
0.99209
0.99208
0.99207
0.99206
0.99205
0.99204
0.99203
0.99201
0.99199
0.99198
0.99196
0.99193
0.99191
0.99188
0.99186
0.99183
0.9918
0.99176
0.99173
0.99169
0.99165
0.99161
0.99157
0.99153
0.99148
0.99143
0.99138
0.99133
0.99128
0.99122
0.99116
0.9911
0.99103
0.99096
0.99089
0.99081
0.99072
0.99063
0.99053
0.99041
0.99029
0.99015
0.98999
0.98981
0.9896
0.98937
0.9891
0.98879
0.98843
0.98802
0.98754
0.98698
0.98634
0.98559
0.98473
0.98373
0.98258
0.98126
0.97945
0.97662
0.97342
0.96979
0.9922
0.99222
0.99222
0.99218
0.99208
0.99186
0.99127
0.9756
0.90845
0.67457
0.040439
0.6595
0.90363
0.96472
0.9822
0.98831
0.99065
0.99165
0.99212
0.99237
0.99251
0.9926
0.99265
0.99269
0.99271
0.99273
0.99274
0.99275
0.99276
0.99276
0.99276
0.99276
0.99276
0.99276
0.99275
0.99275
0.99274
0.99274
0.99273
0.99272
0.99271
0.9927
0.99269
0.99267
0.99266
0.99264
0.99262
0.9926
0.99258
0.99256
0.99253
0.99251
0.99248
0.99245
0.99241
0.99238
0.99234
0.9923
0.99226
0.99222
0.99217
0.99212
0.99207
0.99202
0.99197
0.99191
0.99186
0.99179
0.99173
0.99166
0.99159
0.99152
0.99144
0.99135
0.99126
0.99116
0.99105
0.99093
0.99079
0.99064
0.99047
0.99028
0.99006
0.9898
0.98952
0.98919
0.98881
0.98837
0.98786
0.98728
0.9866
0.98581
0.98491
0.98386
0.98266
0.98127
0.97873
0.97584
0.97256
0.96887
0.9919
0.99192
0.99192
0.99188
0.99179
0.99157
0.99102
0.97859
0.91921
0.70368
0.092933
0.62978
0.89612
0.96295
0.98144
0.98783
0.99026
0.99129
0.99178
0.99203
0.99218
0.99227
0.99232
0.99236
0.99239
0.9924
0.99242
0.99242
0.99243
0.99243
0.99243
0.99243
0.99243
0.99243
0.99243
0.99242
0.99242
0.99241
0.9924
0.99239
0.99238
0.99237
0.99235
0.99234
0.99232
0.9923
0.99228
0.99226
0.99224
0.99221
0.99219
0.99216
0.99213
0.99209
0.99206
0.99202
0.99198
0.99194
0.99189
0.99185
0.9918
0.99175
0.99169
0.99164
0.99158
0.99152
0.99146
0.99139
0.99133
0.99125
0.99118
0.9911
0.99101
0.99092
0.99082
0.99071
0.99059
0.99046
0.99031
0.99015
0.98997
0.98976
0.98952
0.98926
0.98895
0.9886
0.98819
0.98773
0.98719
0.98657
0.98586
0.98503
0.98408
0.98299
0.98174
0.9803
0.97796
0.975
0.97166
0.96789
0.99115
0.99118
0.99118
0.99115
0.99106
0.99085
0.99033
0.98123
0.92903
0.73135
0.14501
0.59809
0.88813
0.96079
0.98029
0.98694
0.98944
0.9905
0.991
0.99126
0.99141
0.9915
0.99156
0.9916
0.99162
0.99164
0.99165
0.99166
0.99167
0.99167
0.99167
0.99167
0.99167
0.99167
0.99166
0.99166
0.99165
0.99164
0.99163
0.99162
0.99161
0.9916
0.99158
0.99157
0.99155
0.99153
0.99151
0.99148
0.99146
0.99143
0.9914
0.99137
0.99133
0.9913
0.99126
0.99122
0.99118
0.99113
0.99108
0.99103
0.99098
0.99093
0.99087
0.99081
0.99075
0.99069
0.99062
0.99055
0.99048
0.9904
0.99032
0.99023
0.99014
0.99004
0.98993
0.98981
0.98969
0.98954
0.98939
0.98921
0.98901
0.98879
0.98854
0.98825
0.98792
0.98755
0.98712
0.98662
0.98605
0.9854
0.98465
0.98378
0.98278
0.98164
0.98033
0.97884
0.97714
0.97412
0.97071
0.96686
0.98998
0.99
0.99
0.98997
0.98989
0.9897
0.9892
0.98357
0.93793
0.75759
0.19654
0.56438
0.8796
0.95825
0.97874
0.98563
0.9882
0.98928
0.98979
0.99005
0.99021
0.9903
0.99036
0.99039
0.99042
0.99044
0.99045
0.99046
0.99047
0.99047
0.99047
0.99047
0.99047
0.99047
0.99046
0.99045
0.99045
0.99044
0.99043
0.99042
0.9904
0.99039
0.99037
0.99035
0.99033
0.99031
0.99029
0.99026
0.99024
0.99021
0.99017
0.99014
0.9901
0.99006
0.99002
0.98998
0.98993
0.98988
0.98983
0.98978
0.98972
0.98967
0.98961
0.98954
0.98948
0.98941
0.98934
0.98926
0.98918
0.9891
0.98901
0.98892
0.98882
0.98871
0.98859
0.98847
0.98833
0.98818
0.98801
0.98782
0.98761
0.98737
0.9871
0.98679
0.98644
0.98604
0.98558
0.98506
0.98445
0.98376
0.98297
0.98206
0.98101
0.97981
0.97845
0.97689
0.97513
0.97314
0.9697
0.96578
0.98864
0.98866
0.98866
0.98863
0.98856
0.98837
0.9879
0.98561
0.94593
0.78235
0.24737
0.52864
0.87047
0.95561
0.97708
0.98419
0.9868
0.9879
0.98841
0.98868
0.98884
0.98893
0.98899
0.98903
0.98906
0.98908
0.98909
0.9891
0.9891
0.98911
0.98911
0.98911
0.9891
0.9891
0.98909
0.98909
0.98908
0.98907
0.98906
0.98904
0.98903
0.98901
0.989
0.98898
0.98895
0.98893
0.98891
0.98888
0.98885
0.98881
0.98878
0.98874
0.9887
0.98866
0.98862
0.98857
0.98852
0.98847
0.98841
0.98836
0.9883
0.98823
0.98817
0.9881
0.98803
0.98796
0.98788
0.9878
0.98771
0.98762
0.98753
0.98743
0.98732
0.98721
0.98708
0.98694
0.98679
0.98663
0.98645
0.98624
0.98602
0.98576
0.98547
0.98514
0.98477
0.98434
0.98385
0.9833
0.98266
0.98193
0.98109
0.98013
0.97903
0.97778
0.97636
0.97474
0.97291
0.97084
0.96852
0.96464
0.98849
0.98851
0.98852
0.98849
0.98842
0.98824
0.9878
0.98642
0.95307
0.80559
0.2974
0.49086
0.86068
0.95424
0.97667
0.98396
0.98661
0.98772
0.98824
0.98851
0.98866
0.98876
0.98882
0.98886
0.98889
0.98891
0.98892
0.98893
0.98893
0.98894
0.98894
0.98894
0.98893
0.98893
0.98892
0.98891
0.9889
0.98889
0.98888
0.98887
0.98885
0.98883
0.98881
0.98879
0.98877
0.98874
0.98871
0.98868
0.98865
0.98861
0.98858
0.98854
0.98849
0.98845
0.9884
0.98835
0.9883
0.98824
0.98818
0.98812
0.98806
0.98799
0.98792
0.98785
0.98777
0.98769
0.98761
0.98752
0.98743
0.98733
0.98723
0.98712
0.98701
0.98688
0.98675
0.9866
0.98644
0.98626
0.98606
0.98585
0.9856
0.98533
0.98501
0.98466
0.98426
0.98381
0.98329
0.9827
0.98202
0.98125
0.98037
0.97936
0.97821
0.9769
0.97541
0.97373
0.97183
0.96969
0.96729
0.96344
0.99048
0.99051
0.99051
0.99049
0.99042
0.99025
0.98982
0.98852
0.95937
0.82725
0.3465
0.45104
0.85015
0.95509
0.97844
0.98589
0.98857
0.98968
0.9902
0.99047
0.99063
0.99073
0.99079
0.99083
0.99086
0.99088
0.99089
0.9909
0.9909
0.9909
0.9909
0.9909
0.9909
0.99089
0.99089
0.99088
0.99087
0.99085
0.99084
0.99082
0.99081
0.99079
0.99077
0.99074
0.99072
0.99069
0.99066
0.99062
0.99059
0.99055
0.99051
0.99047
0.99042
0.99037
0.99032
0.99026
0.99021
0.99015
0.99008
0.99002
0.98995
0.98988
0.9898
0.98972
0.98964
0.98955
0.98947
0.98937
0.98927
0.98917
0.98906
0.98894
0.98882
0.98868
0.98854
0.98838
0.9882
0.98801
0.9878
0.98756
0.9873
0.98701
0.98667
0.9863
0.98587
0.98539
0.98484
0.98421
0.98349
0.98268
0.98175
0.98069
0.97948
0.97811
0.97656
0.97481
0.97283
0.97008
0.96635
0.96218
0.99332
0.99334
0.99335
0.99333
0.99326
0.9931
0.99269
0.99022
0.96488
0.84729
0.39456
0.40921
0.8388
0.95469
0.98112
0.9887
0.99139
0.99249
0.99301
0.99328
0.99344
0.99354
0.9936
0.99364
0.99367
0.99369
0.9937
0.99371
0.99371
0.99372
0.99371
0.99371
0.99371
0.9937
0.99369
0.99368
0.99367
0.99366
0.99364
0.99362
0.9936
0.99358
0.99356
0.99353
0.9935
0.99347
0.99344
0.9934
0.99337
0.99332
0.99328
0.99323
0.99318
0.99313
0.99307
0.99301
0.99295
0.99289
0.99282
0.99275
0.99267
0.9926
0.99252
0.99243
0.99234
0.99225
0.99215
0.99205
0.99195
0.99184
0.99172
0.99159
0.99145
0.99131
0.99115
0.99098
0.99079
0.99059
0.99036
0.99011
0.98982
0.98951
0.98915
0.98875
0.98829
0.98778
0.98719
0.98652
0.98577
0.9849
0.98392
0.98281
0.98155
0.98011
0.97805
0.97536
0.97233
0.96892
0.96511
0.96085
0.99499
0.99502
0.99503
0.99501
0.99494
0.99478
0.99439
0.99133
0.96964
0.86563
0.44142
0.3654
0.82652
0.95251
0.98268
0.99036
0.99305
0.99415
0.99466
0.99493
0.99509
0.99519
0.99525
0.99529
0.99532
0.99534
0.99535
0.99536
0.99536
0.99536
0.99536
0.99536
0.99535
0.99535
0.99534
0.99533
0.99531
0.9953
0.99528
0.99526
0.99524
0.99521
0.99519
0.99516
0.99513
0.9951
0.99506
0.99502
0.99498
0.99493
0.99488
0.99483
0.99478
0.99472
0.99466
0.9946
0.99453
0.99446
0.99439
0.99431
0.99423
0.99415
0.99406
0.99397
0.99387
0.99377
0.99367
0.99356
0.99345
0.99333
0.9932
0.99306
0.99292
0.99276
0.99259
0.9924
0.9922
0.99198
0.99173
0.99146
0.99116
0.99082
0.99043
0.99
0.98952
0.98897
0.98835
0.98764
0.98684
0.98593
0.9849
0.98361
0.98169
0.97952
0.97707
0.9743
0.97119
0.9677
0.9638
0.95946
0.99493
0.99496
0.99497
0.99495
0.99488
0.99473
0.99436
0.99226
0.97371
0.88224
0.4869
0.31965
0.8132
0.95022
0.98254
0.9903
0.99298
0.99407
0.99458
0.99485
0.995
0.9951
0.99516
0.9952
0.99523
0.99525
0.99526
0.99527
0.99527
0.99527
0.99527
0.99527
0.99526
0.99525
0.99524
0.99523
0.99521
0.9952
0.99518
0.99516
0.99513
0.99511
0.99508
0.99505
0.99501
0.99497
0.99493
0.99489
0.99485
0.9948
0.99475
0.99469
0.99463
0.99457
0.9945
0.99443
0.99436
0.99429
0.99421
0.99412
0.99404
0.99395
0.99385
0.99376
0.99365
0.99355
0.99344
0.99332
0.99319
0.99306
0.99293
0.99278
0.99262
0.99245
0.99227
0.99207
0.99185
0.99161
0.99135
0.99105
0.99073
0.99036
0.98995
0.98949
0.98897
0.98839
0.98773
0.98698
0.98613
0.98517
0.98408
0.98277
0.9808
0.97856
0.97603
0.97319
0.96999
0.96642
0.96243
0.958
0.99356
0.99358
0.99359
0.99357
0.99351
0.99336
0.993
0.99194
0.97714
0.89708
0.53076
0.27201
0.7987
0.94776
0.98113
0.98894
0.9916
0.99267
0.99318
0.99344
0.9936
0.99369
0.99375
0.9938
0.99382
0.99384
0.99385
0.99386
0.99386
0.99386
0.99386
0.99386
0.99385
0.99384
0.99383
0.99381
0.99379
0.99378
0.99375
0.99373
0.9937
0.99368
0.99364
0.99361
0.99357
0.99353
0.99349
0.99344
0.99339
0.99334
0.99328
0.99322
0.99316
0.99309
0.99302
0.99295
0.99287
0.99279
0.9927
0.99261
0.99252
0.99242
0.99232
0.99221
0.9921
0.99199
0.99187
0.99174
0.99161
0.99147
0.99132
0.99116
0.99099
0.9908
0.99061
0.99039
0.99016
0.9899
0.98961
0.9893
0.98895
0.98856
0.98812
0.98763
0.98708
0.98645
0.98575
0.98496
0.98406
0.98305
0.9819
0.98061
0.97916
0.97753
0.97493
0.972
0.96873
0.96507
0.96099
0.95648
0.99186
0.99188
0.99189
0.99187
0.99181
0.99167
0.99133
0.99031
0.98
0.91014
0.57272
0.22257
0.78286
0.94508
0.97941
0.98726
0.9899
0.99096
0.99145
0.99172
0.99187
0.99196
0.99203
0.99207
0.99209
0.99211
0.99212
0.99213
0.99213
0.99213
0.99213
0.99212
0.99211
0.9921
0.99209
0.99207
0.99205
0.99203
0.99201
0.99198
0.99195
0.99192
0.99188
0.99185
0.99181
0.99176
0.99171
0.99166
0.99161
0.99155
0.99149
0.99142
0.99136
0.99128
0.99121
0.99113
0.99104
0.99095
0.99086
0.99077
0.99066
0.99056
0.99045
0.99034
0.99022
0.99009
0.98996
0.98983
0.98968
0.98953
0.98937
0.9892
0.98901
0.98882
0.9886
0.98837
0.98812
0.98784
0.98753
0.98719
0.98682
0.9864
0.98593
0.9854
0.98481
0.98415
0.98341
0.98257
0.98162
0.98055
0.97935
0.97799
0.97647
0.97477
0.97286
0.97074
0.9674
0.96365
0.95948
0.95487
0.99088
0.9909
0.99091
0.9909
0.99084
0.9907
0.99037
0.98939
0.98235
0.92145
0.61245
0.17145
0.76549
0.9421
0.97841
0.9863
0.98891
0.98996
0.99045
0.99071
0.99086
0.99095
0.99101
0.99105
0.99108
0.9911
0.99111
0.99112
0.99112
0.99112
0.99111
0.9911
0.99109
0.99108
0.99106
0.99104
0.99102
0.991
0.99097
0.99094
0.99091
0.99088
0.99084
0.9908
0.99075
0.9907
0.99065
0.9906
0.99054
0.99048
0.99041
0.99034
0.99026
0.99018
0.9901
0.99001
0.98992
0.98983
0.98973
0.98962
0.98952
0.9894
0.98929
0.98916
0.98903
0.9889
0.98876
0.98861
0.98846
0.98829
0.98812
0.98793
0.98773
0.98752
0.98729
0.98704
0.98676
0.98647
0.98614
0.98577
0.98537
0.98492
0.98442
0.98386
0.98323
0.98253
0.98173
0.98084
0.97984
0.97872
0.97745
0.97604
0.97445
0.97267
0.97068
0.96848
0.96599
0.96216
0.9579
0.9532
0.99084
0.99087
0.99088
0.99086
0.99081
0.99067
0.99035
0.98941
0.98424
0.93109
0.64957
0.11883
0.74636
0.93872
0.97833
0.98628
0.98886
0.98989
0.99038
0.99064
0.99079
0.99088
0.99094
0.99098
0.99101
0.99103
0.99104
0.99104
0.99104
0.99104
0.99103
0.99102
0.99101
0.991
0.99098
0.99096
0.99093
0.99091
0.99088
0.99085
0.99081
0.99077
0.99073
0.99068
0.99063
0.99058
0.99053
0.99046
0.9904
0.99033
0.99026
0.99018
0.9901
0.99002
0.98993
0.98983
0.98973
0.98963
0.98952
0.98941
0.98929
0.98917
0.98905
0.98891
0.98878
0.98863
0.98848
0.98832
0.98815
0.98797
0.98779
0.98759
0.98737
0.98714
0.98689
0.98662
0.98633
0.986
0.98565
0.98526
0.98483
0.98435
0.98381
0.98321
0.98254
0.9818
0.98096
0.98001
0.97896
0.97777
0.97644
0.97496
0.9733
0.97144
0.96938
0.96709
0.96452
0.96059
0.95624
0.95145
0.9913
0.99133
0.99134
0.99132
0.99127
0.99114
0.99082
0.98992
0.98574
0.93913
0.68372
0.065001
0.72522
0.9348
0.97869
0.98672
0.9893
0.99032
0.9908
0.99106
0.99121
0.9913
0.99136
0.9914
0.99143
0.99145
0.99146
0.99146
0.99146
0.99146
0.99145
0.99144
0.99142
0.99141
0.99139
0.99136
0.99134
0.99131
0.99127
0.99124
0.9912
0.99116
0.99111
0.99106
0.99101
0.99095
0.99089
0.99082
0.99075
0.99068
0.9906
0.99051
0.99043
0.99033
0.99024
0.99014
0.99003
0.98992
0.9898
0.98968
0.98956
0.98942
0.98929
0.98914
0.98899
0.98884
0.98867
0.9885
0.98832
0.98813
0.98793
0.98771
0.98748
0.98723
0.98696
0.98667
0.98635
0.98601
0.98562
0.9852
0.98474
0.98423
0.98366
0.98302
0.98231
0.98151
0.98062
0.97963
0.97851
0.97726
0.97587
0.97431
0.97258
0.97065
0.9685
0.96613
0.96297
0.95895
0.95451
0.94962
0.99177
0.9918
0.99181
0.99179
0.99174
0.99161
0.99131
0.99043
0.98689
0.9457
0.71455
0.010399
0.70173
0.93018
0.97896
0.98714
0.98973
0.99075
0.99123
0.99148
0.99163
0.99173
0.99179
0.99183
0.99186
0.99187
0.99188
0.99188
0.99188
0.99188
0.99187
0.99185
0.99184
0.99182
0.99179
0.99177
0.99174
0.99171
0.99167
0.99163
0.99159
0.99154
0.99149
0.99144
0.99138
0.99131
0.99125
0.99117
0.9911
0.99102
0.99093
0.99084
0.99074
0.99064
0.99054
0.99043
0.99031
0.99019
0.99007
0.98994
0.9898
0.98966
0.98951
0.98936
0.9892
0.98903
0.98885
0.98867
0.98847
0.98826
0.98804
0.98781
0.98756
0.98729
0.987
0.98669
0.98635
0.98597
0.98557
0.98512
0.98462
0.98407
0.98346
0.98278
0.98202
0.98118
0.98024
0.97919
0.97801
0.9767
0.97524
0.97361
0.97179
0.96978
0.96756
0.96505
0.96134
0.95722
0.95269
0.94771
0.99199
0.99202
0.99203
0.99202
0.99196
0.99184
0.99154
0.99069
0.9875
0.95095
0.7418
0.044365
0.67556
0.92465
0.97883
0.98725
0.98987
0.9909
0.99139
0.99165
0.9918
0.9919
0.99196
0.992
0.99203
0.99204
0.99205
0.99205
0.99205
0.99204
0.99203
0.99201
0.992
0.99197
0.99195
0.99192
0.99189
0.99185
0.99181
0.99177
0.99172
0.99167
0.99161
0.99155
0.99149
0.99142
0.99134
0.99127
0.99118
0.99109
0.991
0.9909
0.9908
0.99069
0.99058
0.99046
0.99033
0.9902
0.99007
0.98993
0.98978
0.98963
0.98947
0.9893
0.98913
0.98895
0.98876
0.98856
0.98834
0.98812
0.98788
0.98763
0.98736
0.98707
0.98676
0.98642
0.98606
0.98565
0.98522
0.98473
0.9842
0.98361
0.98296
0.98224
0.98144
0.98054
0.97955
0.97843
0.9772
0.97582
0.97429
0.97258
0.97069
0.9686
0.96629
0.96344
0.95963
0.95542
0.95079
0.94572
0.99195
0.99198
0.99199
0.99197
0.99192
0.9918
0.99151
0.99068
0.98762
0.95501
0.7653
0.098484
0.64635
0.91795
0.97761
0.98701
0.98971
0.99077
0.99127
0.99154
0.9917
0.99179
0.99186
0.9919
0.99192
0.99194
0.99195
0.99195
0.99194
0.99193
0.99192
0.9919
0.99188
0.99186
0.99183
0.99179
0.99176
0.99172
0.99167
0.99163
0.99157
0.99152
0.99146
0.99139
0.99132
0.99124
0.99116
0.99108
0.99099
0.99089
0.99079
0.99068
0.99057
0.99045
0.99033
0.9902
0.99007
0.98993
0.98978
0.98963
0.98947
0.98931
0.98913
0.98895
0.98877
0.98857
0.98837
0.98815
0.98792
0.98768
0.98743
0.98715
0.98686
0.98655
0.98621
0.98585
0.98546
0.98503
0.98456
0.98404
0.98347
0.98284
0.98215
0.98138
0.98053
0.97958
0.97852
0.97735
0.97605
0.9746
0.973
0.97122
0.96925
0.96707
0.96467
0.96174
0.95784
0.95354
0.94881
0.94364
0.99206
0.99209
0.9921
0.99208
0.99203
0.99191
0.99163
0.99083
0.98789
0.95801
0.78505
0.15099
0.61378
0.90974
0.97565
0.98681
0.98966
0.99077
0.99129
0.99157
0.99173
0.99183
0.9919
0.99194
0.99197
0.99198
0.99199
0.99199
0.99199
0.99197
0.99196
0.99194
0.99191
0.99189
0.99185
0.99182
0.99178
0.99173
0.99168
0.99163
0.99157
0.99151
0.99144
0.99137
0.99129
0.99121
0.99112
0.99103
0.99093
0.99083
0.99072
0.9906
0.99048
0.99036
0.99022
0.99008
0.98994
0.98979
0.98963
0.98946
0.98929
0.98912
0.98893
0.98874
0.98853
0.98832
0.9881
0.98787
0.98762
0.98736
0.98709
0.98679
0.98648
0.98614
0.98578
0.98539
0.98497
0.98451
0.984
0.98345
0.98284
0.98217
0.98143
0.98062
0.97971
0.97871
0.97759
0.97636
0.97499
0.97347
0.97179
0.96993
0.96788
0.96562
0.96313
0.95996
0.95596
0.95157
0.94675
0.94148
0.99301
0.99304
0.99305
0.99304
0.99299
0.99287
0.99259
0.99181
0.98867
0.96005
0.80116
0.20084
0.57765
0.89965
0.97311
0.98729
0.99037
0.99157
0.99212
0.99242
0.99259
0.9927
0.99277
0.99282
0.99284
0.99286
0.99287
0.99287
0.99286
0.99285
0.99283
0.9928
0.99278
0.99275
0.99271
0.99267
0.99263
0.99258
0.99252
0.99246
0.9924
0.99233
0.99226
0.99218
0.99209
0.992
0.99191
0.99181
0.9917
0.99159
0.99147
0.99134
0.99121
0.99108
0.99093
0.99078
0.99062
0.99046
0.99029
0.99011
0.98993
0.98974
0.98954
0.98933
0.98911
0.98888
0.98864
0.98839
0.98813
0.98785
0.98755
0.98724
0.9869
0.98654
0.98615
0.98573
0.98527
0.98478
0.98424
0.98365
0.983
0.98228
0.9815
0.98063
0.97967
0.97861
0.97743
0.97613
0.9747
0.9731
0.97135
0.96941
0.96727
0.96493
0.96181
0.95809
0.954
0.94951
0.9446
0.93924
0.99452
0.99455
0.99455
0.99454
0.99449
0.99438
0.9941
0.99334
0.98848
0.96121
0.81383
0.24707
0.53801
0.88722
0.96982
0.98812
0.99155
0.99286
0.99347
0.9938
0.99399
0.99411
0.99418
0.99423
0.99426
0.99428
0.99428
0.99428
0.99427
0.99426
0.99424
0.99421
0.99418
0.99415
0.99411
0.99406
0.99401
0.99396
0.9939
0.99384
0.99377
0.99369
0.99361
0.99352
0.99343
0.99333
0.99323
0.99312
0.993
0.99288
0.99275
0.99262
0.99248
0.99233
0.99217
0.99201
0.99184
0.99166
0.99148
0.99129
0.99109
0.99088
0.99067
0.99044
0.99021
0.98996
0.98971
0.98943
0.98915
0.98885
0.98853
0.98819
0.98783
0.98744
0.98702
0.98657
0.98608
0.98555
0.98497
0.98434
0.98365
0.98289
0.98205
0.98113
0.98012
0.979
0.97776
0.97639
0.97488
0.97321
0.97138
0.96936
0.96656
0.96342
0.95995
0.95614
0.95195
0.94737
0.94236
0.93691
0.99528
0.99531
0.99532
0.9953
0.99526
0.99514
0.99487
0.99412
0.98802
0.96153
0.82332
0.28893
0.49522
0.87199
0.96556
0.98751
0.99184
0.99334
0.99403
0.9944
0.99461
0.99475
0.99483
0.99488
0.99492
0.99494
0.99494
0.99494
0.99493
0.99491
0.99489
0.99486
0.99483
0.99479
0.99475
0.9947
0.99464
0.99458
0.99452
0.99445
0.99437
0.99429
0.9942
0.99411
0.99401
0.9939
0.99379
0.99367
0.99354
0.99341
0.99327
0.99312
0.99297
0.99281
0.99264
0.99247
0.99228
0.99209
0.9919
0.99169
0.99148
0.99125
0.99102
0.99078
0.99053
0.99026
0.98998
0.98969
0.98939
0.98906
0.98872
0.98835
0.98796
0.98754
0.9871
0.98661
0.98609
0.98552
0.9849
0.98423
0.98349
0.98268
0.9818
0.98082
0.97975
0.97856
0.97726
0.97582
0.97424
0.9725
0.97037
0.96772
0.96479
0.96156
0.95801
0.9541
0.94982
0.94513
0.94003
0.93449
0.99432
0.99435
0.99436
0.99434
0.9943
0.99418
0.99391
0.99318
0.98726
0.96102
0.82993
0.32601
0.44997
0.85352
0.96006
0.98558
0.99024
0.992
0.99281
0.99324
0.99349
0.99364
0.99373
0.9938
0.99383
0.99386
0.99386
0.99386
0.99385
0.99383
0.99381
0.99378
0.99374
0.9937
0.99365
0.9936
0.99354
0.99347
0.9934
0.99332
0.99324
0.99315
0.99305
0.99295
0.99284
0.99273
0.9926
0.99247
0.99234
0.99219
0.99204
0.99188
0.99172
0.99154
0.99136
0.99117
0.99098
0.99077
0.99056
0.99034
0.99011
0.98987
0.98962
0.98936
0.98908
0.9888
0.9885
0.98819
0.98786
0.98751
0.98714
0.98675
0.98633
0.98588
0.9854
0.98488
0.98432
0.98371
0.98305
0.98234
0.98155
0.98069
0.97975
0.97872
0.97758
0.97633
0.97496
0.97345
0.97179
0.96997
0.96797
0.96579
0.96294
0.95962
0.95597
0.95196
0.94759
0.94281
0.93761
0.93198
