1.6945
1.6948
1.6952
1.6956
1.696
1.6965
1.6969
1.6974
1.698
1.6986
1.6992
1.6999
1.7007
1.7015
1.7024
1.7035
1.7046
1.7058
1.7072
1.7088
1.7104
1.7123
1.7144
1.7163
1.7135
1.7104
1.707
1.7032
1.699
1.6944
1.6893
1.6838
1.6778
1.6712
1.6641
1.6565
1.6483
1.6396
1.6303
1.6204
1.6101
1.5992
1.5879
1.5762
1.5641
1.5517
1.539
1.5262
1.5131
1.5
1.4868
1.4737
1.4606
1.4477
1.435
1.4224
1.4102
1.3982
1.3866
1.3753
1.3644
1.3538
1.3437
1.334
1.3246
1.3157
1.3071
1.299
1.2912
1.2838
1.2768
1.2702
1.2639
1.2579
1.2522
1.2469
1.2419
1.2371
1.2326
1.2284
1.2244
1.2207
1.2172
1.2139
1.2108
1.2079
1.2052
1.2027
1.2003
1.1981
1.196
1.1941
1.1923
1.1907
1.1891
1.1877
1.1864
1.1852
1.1841
1.1831
1.1822
1.1813
1.1806
1.1799
1.1793
1.1787
1.1783
1.1779
1.1775
1.1772
1.177
1.1768
1.1767
1.1766
1.1766
1.1766
1.1766
1.1767
1.1769
1.177
1.1772
1.1775
1.1777
1.178
1.1783
1.1787
1.1791
1.1795
1.1799
1.1804
1.1809
1.1814
1.1819
1.1824
1.183
1.1836
1.1842
1.1848
1.1854
1.1861
1.1867
1.1874
1.1881
1.1888
1.1895
1.1903
1.191
1.1918
1.1925
1.1933
1.1941
1.1949
1.1957
1.1965
1.1974
1.1982
1.1991
1.1999
1.2008
1.2016
1.2025
1.2034
1.2043
1.2052
1.2061
1.207
1.2079
1.2089
1.2098
1.2107
1.2117
1.2126
1.2135
1.2145
1.2155
1.2164
1.2174
1.2183
1.2193
1.2203
1.2213
1.2222
1.2232
1.2242
1.2252
1.2262
1.2272
1.2282
1.2292
1.2302
1.2312
1.2322
1.2332
1.2342
1.2352
1.2362
1.2372
1.2382
1.2392
1.2402
1.2412
1.2422
1.2432
1.2442
1.2452
1.2463
1.2473
1.2483
1.2493
1.2503
1.2513
1.2523
1.2533
1.2543
1.2553
1.2563
1.2573
1.2583
1.2593
1.2603
1.2613
1.2623
1.2633
1.2643
1.2653
1.2663
1.2673
1.2683
1.2693
1.2703
1.2713
1.2722
1.2732
1.2742
1.2752
1.2762
1.2771
1.2781
1.2791
1.28
1.281
1.282
1.2829
1.2839
1.2848
1.2858
1.2867
1.2877
1.2886
1.2896
1.2905
1.2914
1.2924
1.2933
1.2942
1.2952
1.2961
1.297
1.2979
1.2988
1.2998
1.3007
1.3016
1.3025
1.3034
1.3043
1.3052
1.306
1.3069
1.3078
1.3087
1.3096
1.3105
1.3113
1.3122
1.3131
1.3139
1.3148
1.3156
1.3165
1.3173
1.3182
1.319
1.3198
1.3207
1.3215
1.3223
1.3232
1.324
1.3248
1.3256
1.3264
1.3272
1.328
1.3288
1.3296
1.3304
1.3312
1.332
1.3328
1.3335
1.3343
1.3351
1.3358
1.3366
1.3374
1.3381
1.3389
1.3396
1.3404
1.3411
1.3418
1.3426
1.3433
1.344
1.3448
1.3455
1.3462
1.3469
1.3476
1.3483
1.349
1.3497
1.3504
1.3511
1.3518
1.3525
1.3531
1.3538
1.3545
1.3551
1.3558
1.3565
1.3571
1.3578
1.3584
1.3591
1.3597
1.3603
1.361
1.3616
1.3622
1.3628
1.3635
1.3641
1.3647
1.3653
1.3659
1.3665
1.3671
1.3677
1.3683
1.3689
1.3694
1.37
1.3706
1.3712
1.3717
1.3723
1.3729
1.3734
1.374
1.3745
1.3751
1.3756
1.3761
1.3767
1.3772
1.3777
1.3783
1.3788
1.3793
1.3798
1.3803
1.3808
1.3813
1.3818
1.3823
1.3828
1.3833
1.3838
1.3843
1.3847
1.3852
1.3857
1.3862
1.3866
1.3871
1.3876
1.388
1.3885
1.3889
1.3894
1.3898
1.3902
1.3907
1.3911
1.3915
1.392
1.3924
1.3928
1.3932
1.3936
1.394
1.3944
1.3948
1.3952
1.3956
1.396
1.3964
1.3968
1.3972
1.3976
1.3979
1.3983
1.3987
1.3991
1.3994
1.3998
1.4001
1.4005
1.4009
1.4012
1.4016
1.4019
1.4022
1.4026
1.4029
1.4032
1.4036
1.4039
1.4042
1.4045
1.4049
1.4052
1.4055
1.4058
1.4061
1.4064
1.4067
1.407
1.4073
1.4076
1.4079
1.4082
1.4084
1.4087
1.409
1.4093
1.4096
1.4098
1.4101
1.4104
1.4106
1.4109
1.4111
1.4114
1.4116
1.4119
1.4121
1.4124
1.4126
1.4129
1.4131
1.4133
1.4136
1.4138
1.414
1.4142
1.4145
1.4147
1.4149
1.4151
1.4153
1.4155
1.4157
1.4159
1.4161
1.4164
1.4165
1.4167
1.4169
1.4171
1.4173
1.4175
1.4177
1.4179
1.4181
1.4182
1.4184
1.4186
1.4188
1.4189
1.4191
1.4193
1.4194
1.4196
1.4197
1.4199
1.42
1.4202
1.4204
1.4205
1.4206
1.4208
1.4209
1.4211
1.4212
1.4214
1.4215
1.4216
1.4218
1.4219
1.422
1.4221
1.4223
1.4224
1.4225
1.4226
1.4227
1.4229
1.423
1.4231
1.4232
1.4233
1.4234
1.4235
1.4236
1.4237
1.4238
1.4239
1.424
1.4241
1.4242
1.4243
1.4244
1.4245
1.4246
1.4247
1.4248
1.4248
1.4249
1.425
1.4251
1.4252
1.4252
1.4253
1.4254
1.4255
1.4255
1.4256
1.4257
1.4257
1.4258
1.4259
1.4259
1.426
1.4261
1.4261
1.4262
1.4263
1.4263
1.4264
1.4264
1.4265
1.4265
1.4266
1.4266
1.4267
1.4267
1.4268
1.4268
1.4269
1.4269
1.427
1.427
1.4271
1.4271
1.4271
1.4272
1.4272
1.4273
1.4273
1.4273
1.4274
1.4274
1.4274
1.4275
1.4275
1.4275
1.4276
1.4276
1.4276
1.4277
1.4277
1.4277
1.4278
1.4278
1.4278
1.4278
1.4279
1.4279
1.4279
1.4279
1.428
1.428
1.428
1.428
1.4281
1.4281
1.4281
1.4281
1.4282
1.4282
1.4282
1.4282
1.4282
1.4283
1.4283
1.4283
1.4283
1.4284
1.4284
1.4284
1.4284
1.4284
1.4285
1.4285
1.4285
1.4285
1.4285
1.4286
1.4286
1.4286
1.4286
1.4286
1.4287
1.4287
1.4287
1.4287
1.4288
1.4288
1.4288
1.4288
1.4288
1.4289
1.4289
1.4289
1.4289
1.429
1.429
1.429
1.429
1.4291
1.4291
1.4291
1.4292
1.4292
1.4292
1.4292
1.4293
1.4293
1.4293
1.4294
1.4294
1.4294
1.4295
1.4295
1.4295
1.4296
1.4296
1.4296
1.4297
1.4297
1.4298
1.4298
1.4299
1.4299
1.4299
1.43
1.43
1.4301
1.4301
1.4302
1.4302
1.4303
1.4303
1.4304
1.4304
1.4305
1.4306
1.4306
1.4307
1.4307
1.4308
1.4309
1.4309
1.431
1.4311
1.4311
1.4312
1.4313
1.4313
1.4314
1.4315
1.4316
1.4317
1.4317
1.4318
1.4319
1.432
1.4321
1.4322
1.4323
1.4323
1.4324
1.4325
1.4326
1.4327
1.4328
1.4329
1.433
1.4331
1.4332
1.4334
1.4335
1.4336
1.4337
1.4338
1.4339
1.434
1.4342
1.4343
1.4344
1.4345
1.4347
1.4348
1.4349
1.4351
1.4352
1.4354
1.4355
1.4356
1.4358
1.4359
1.4361
1.4362
1.4364
1.4366
1.4367
1.4369
1.437
1.4372
1.4374
1.4375
1.4377
1.4379
1.4381
1.4383
1.4384
1.4386
1.4388
1.439
1.4392
1.4394
1.4396
1.4398
1.44
1.4402
1.4404
1.4406
1.4408
1.4411
1.4413
1.4415
1.4417
1.442
1.4422
1.4424
1.4427
1.4429
1.4431
1.4434
1.4436
1.4439
1.4441
1.4444
1.4446
1.4449
1.4452
1.4454
1.4457
1.446
1.4463
1.4465
1.4468
1.4471
1.4474
1.4477
1.448
1.4483
1.4486
1.4489
1.4492
1.4495
1.4498
1.4501
1.4505
1.4508
1.4511
1.4514
1.4518
1.4521
1.4524
1.4528
1.4531
1.4535
1.4538
1.4542
1.4545
1.4549
1.4553
1.4556
1.456
1.4564
1.4568
1.4571
1.4575
1.4579
1.4583
1.4587
1.4591
1.4595
1.4599
1.4603
1.4607
1.4612
1.4616
1.462
1.4624
1.4629
1.4633
1.4637
1.4642
1.4646
1.4651
1.4655
1.466
1.4665
1.4669
1.4674
1.4679
1.4683
1.4688
1.4693
1.4698
1.4703
1.4708
1.4713
1.4718
1.4723
1.4728
1.4733
1.4738
1.4743
1.4748
1.4754
1.4759
1.4764
1.477
1.4775
1.4781
1.4786
1.4792
1.4797
1.4803
1.4808
1.4814
1.482
1.4826
1.4831
1.4837
1.4843
1.4849
1.4855
1.4861
1.4867
1.4873
1.4879
1.4885
1.4891
1.4897
1.4904
1.491
1.4916
1.4922
1.4929
1.4935
1.4942
1.4948
1.4955
1.4961
1.4968
1.4974
1.4981
1.4988
1.4994
1.5001
1.5008
1.5015
1.5022
1.5028
1.5035
1.5042
1.5049
1.5056
1.5063
1.507
1.5078
1.5085
1.5092
1.5099
1.5106
1.5114
1.5121
1.5128
1.5136
1.5143
1.515
1.5158
1.5165
1.5173
1.518
1.5188
1.5195
1.5203
1.5211
1.5218
1.5226
1.5234
1.5241
1.5249
1.5257
1.5265
1.5273
1.528
1.5288
1.5296
1.5304
1.5312
1.532
1.5328
1.5336
1.5344
1.5352
1.536
1.5368
1.5376
1.5385
1.5393
1.5401
1.5409
1.5417
1.5425
1.5434
1.5442
1.545
1.5458
1.5467
1.5475
1.5483
1.5492
1.55
1.5508
1.5517
1.5525
1.5533
1.5542
1.555
1.5559
1.5567
1.5576
1.5584
1.5592
1.5601
1.5609
1.5618
1.5626
1.5635
1.5643
1.5652
1.566
1.5669
1.5677
1.5686
1.5694
1.5702
1.5711
1.5719
1.5728
