1.0036
1.0039
1.0043
1.0047
1.0052
1.0057
1.0063
1.007
1.0077
1.0086
1.0096
1.0107
1.0119
1.0133
1.0148
1.0166
1.0186
1.0209
1.0234
1.0262
1.0294
1.033
1.0371
1.0416
1.0466
1.0522
1.0585
1.0654
1.073
1.0813
1.0905
1.1006
1.1115
1.1233
1.136
1.1497
1.1643
1.1798
1.1963
1.2136
1.2317
1.2506
1.2701
1.2903
1.311
1.3321
1.3536
1.3753
1.3971
1.4189
1.4407
1.4623
1.4837
1.5047
1.5253
1.5454
1.5651
1.5841
1.6025
1.6204
1.6375
1.654
1.6697
1.6848
1.6992
1.7129
1.7259
1.7383
1.75
1.7611
1.7716
1.7815
1.7909
1.7997
1.8079
1.8157
1.823
1.8298
1.8362
1.8422
1.8478
1.8531
1.8579
1.8625
1.8667
1.8706
1.8742
1.8776
1.8806
1.8835
1.8861
1.8885
1.8907
1.8927
1.8945
1.8962
1.8976
1.8989
1.9001
1.9011
1.902
1.9028
1.9034
1.9039
1.9043
1.9046
1.9049
1.905
1.905
1.905
1.9048
1.9046
1.9043
1.904
1.9036
1.9031
1.9026
1.902
1.9013
1.9006
1.8999
1.8991
1.8982
1.8974
1.8964
1.8955
1.8945
1.8934
1.8924
1.8913
1.8901
1.889
1.8878
1.8866
1.8853
1.8841
1.8828
1.8815
1.8802
1.8788
1.8774
1.876
1.8746
1.8732
1.8718
1.8703
1.8688
1.8673
1.8658
1.8643
1.8628
1.8613
1.8597
1.8582
1.8566
1.855
1.8534
1.8518
1.8502
1.8486
1.847
1.8453
1.8437
1.8421
1.8404
1.8388
1.8371
1.8354
1.8338
1.8321
1.8304
1.8287
1.8271
1.8254
1.8237
1.822
1.8203
1.8186
1.8169
1.8152
1.8135
1.8118
1.8101
1.8084
1.8067
1.8049
1.8032
1.8015
1.7998
1.7981
1.7964
1.7947
1.793
1.7913
1.7896
1.7879
1.7862
1.7845
1.7828
1.7811
1.7794
1.7777
1.776
1.7743
1.7726
1.7709
1.7692
1.7675
1.7659
1.7642
1.7625
1.7608
1.7592
1.7575
1.7559
1.7542
1.7525
1.7509
1.7493
1.7476
1.746
1.7443
1.7427
1.7411
1.7395
1.7378
1.7362
1.7346
1.733
1.7314
1.7298
1.7282
1.7267
1.7251
1.7235
1.7219
1.7204
1.7188
1.7173
1.7157
1.7142
1.7126
1.7111
1.7096
1.708
1.7065
1.705
1.7035
1.702
1.7005
1.699
1.6975
1.6961
1.6946
1.6931
1.6917
1.6902
1.6888
1.6873
1.6859
1.6845
1.683
1.6816
1.6802
1.6788
1.6774
1.676
1.6746
1.6733
1.6719
1.6705
1.6692
1.6678
1.6665
1.6651
1.6638
1.6625
1.6611
1.6598
1.6585
1.6572
1.6559
1.6546
1.6533
1.6521
1.6508
1.6495
1.6483
1.647
1.6458
1.6445
1.6433
1.6421
1.6409
1.6397
1.6385
1.6373
1.6361
1.6349
1.6337
1.6326
1.6314
1.6302
1.6291
1.6279
1.6268
1.6257
1.6246
1.6234
1.6223
1.6212
1.6201
1.6191
1.618
1.6169
1.6158
1.6148
1.6137
1.6127
1.6116
1.6106
1.6096
1.6086
1.6075
1.6065
1.6055
1.6045
1.6036
1.6026
1.6016
1.6006
1.5997
1.5987
1.5978
1.5969
1.5959
1.595
1.5941
1.5932
1.5923
1.5914
1.5905
1.5896
1.5887
1.5878
1.587
1.5861
1.5853
1.5844
1.5836
1.5827
1.5819
1.5811
1.5803
1.5795
1.5787
1.5779
1.5771
1.5763
1.5756
1.5748
1.574
1.5733
1.5725
1.5718
1.5711
1.5703
1.5696
1.5689
1.5682
1.5675
1.5668
1.5661
1.5654
1.5647
1.5641
1.5634
1.5628
1.5621
1.5615
1.5608
1.5602
1.5596
1.5589
1.5583
1.5577
1.5571
1.5565
1.5559
1.5554
1.5548
1.5542
1.5537
1.5531
1.5525
1.552
1.5515
1.5509
1.5504
1.5499
1.5494
1.5489
1.5484
1.5479
1.5474
1.5469
1.5464
1.5459
1.5455
1.545
1.5446
1.5441
1.5437
1.5432
1.5428
1.5424
1.5419
1.5415
1.5411
1.5407
1.5403
1.5399
1.5395
1.5392
1.5388
1.5384
1.5381
1.5377
1.5373
1.537
1.5367
1.5363
1.536
1.5357
1.5354
1.535
1.5347
1.5344
1.5341
1.5338
1.5336
1.5333
1.533
1.5327
1.5325
1.5322
1.532
1.5317
1.5315
1.5312
1.531
1.5308
1.5305
1.5303
1.5301
1.5299
1.5297
1.5295
1.5293
1.5291
1.529
1.5288
1.5286
1.5285
1.5283
1.5281
1.528
1.5278
1.5277
1.5276
1.5274
1.5273
1.5272
1.5271
1.527
1.5269
1.5268
1.5267
1.5266
1.5265
1.5264
1.5263
1.5263
1.5262
1.5261
1.5261
1.526
1.526
1.5259
1.5259
1.5258
1.5258
1.5258
1.5258
1.5258
1.5257
1.5257
1.5257
1.5257
1.5257
1.5258
1.5258
1.5258
1.5258
1.5258
1.5259
1.5259
1.526
1.526
1.526
1.5261
1.5262
1.5262
1.5263
1.5264
1.5264
1.5265
1.5266
1.5267
1.5268
1.5269
1.527
1.5271
1.5272
1.5273
1.5274
1.5275
1.5277
1.5278
1.5279
1.5281
1.5282
1.5284
1.5285
1.5287
1.5288
1.529
1.5291
1.5293
1.5295
1.5296
1.5298
1.53
1.5302
1.5304
1.5306
1.5308
1.531
1.5312
1.5314
1.5316
1.5318
1.532
1.5323
1.5325
1.5327
1.5329
1.5332
1.5334
1.5337
1.5339
1.5342
1.5344
1.5347
1.5349
1.5352
1.5355
1.5357
1.536
1.5363
1.5366
1.5368
1.5371
1.5374
1.5377
1.538
1.5383
1.5386
1.5389
1.5392
1.5395
1.5399
1.5402
1.5405
1.5408
1.5411
1.5415
1.5418
1.5421
1.5425
1.5428
1.5432
1.5435
1.5438
1.5442
1.5446
1.5449
1.5453
1.5456
1.546
1.5464
1.5467
1.5471
1.5475
1.5479
1.5482
1.5486
1.549
1.5494
1.5498
1.5502
1.5506
1.551
1.5514
1.5518
1.5522
1.5526
1.553
1.5534
1.5538
1.5542
1.5546
1.5551
1.5555
1.5559
1.5563
1.5568
1.5572
1.5576
1.5581
1.5585
1.5589
1.5594
1.5598
1.5602
1.5607
1.5611
1.5616
1.562
1.5625
1.5629
1.5634
1.5639
1.5643
1.5648
1.5652
1.5657
1.5662
1.5666
1.5671
1.5676
1.568
1.5685
1.569
1.5695
1.5699
1.5704
1.5709
1.5714
1.5718
1.5723
1.5728
1.5733
1.5738
1.5743
1.5747
1.5752
1.5757
1.5762
1.5767
1.5772
1.5777
1.5782
1.5787
1.5792
1.5797
1.5802
1.5807
1.5812
1.5817
1.5822
1.5827
1.5832
1.5837
1.5842
1.5847
1.5852
1.5857
1.5862
1.5867
1.5872
1.5877
1.5882
1.5887
1.5892
1.5897
1.5902
1.5907
1.5912
1.5917
1.5922
1.5927
1.5932
1.5937
1.5942
1.5947
1.5952
1.5957
1.5962
1.5967
1.5972
1.5977
1.5982
1.5987
1.5992
1.5997
1.6002
1.6007
1.6012
1.6017
1.6022
1.6027
1.6032
1.6037
1.6042
1.6047
1.6052
1.6057
1.6062
1.6067
1.6071
1.6076
1.6081
1.6086
1.6091
1.6096
1.6101
1.6105
1.611
1.6115
1.612
1.6124
1.6129
1.6134
1.6139
1.6143
1.6148
1.6153
1.6157
1.6162
1.6166
1.6171
1.6176
1.618
1.6185
1.6189
1.6194
1.6198
1.6203
1.6207
1.6211
1.6216
1.622
1.6225
1.6229
1.6233
1.6237
1.6242
1.6246
1.625
1.6254
1.6259
1.6263
1.6267
1.6271
1.6275
1.6279
1.6283
1.6287
1.6291
1.6295
1.6299
1.6303
1.6306
1.631
1.6314
1.6318
1.6321
1.6325
1.6329
1.6332
1.6336
1.6339
1.6343
1.6346
1.635
1.6353
1.6357
1.636
1.6363
1.6367
1.637
1.6373
1.6376
1.6379
1.6382
1.6385
1.6388
1.6391
1.6394
1.6397
1.64
1.6403
1.6405
1.6408
1.6411
1.6413
1.6416
1.6418
1.6421
1.6423
1.6426
1.6428
1.643
1.6432
1.6435
1.6437
1.6439
1.6441
1.6443
1.6445
1.6447
1.6448
1.645
1.6452
1.6454
1.6455
1.6457
1.6458
1.646
1.6461
1.6462
1.6464
1.6465
1.6466
1.6467
1.6468
1.6469
1.647
1.6471
1.6472
1.6473
1.6473
1.6474
1.6475
1.6475
1.6475
1.6476
1.6476
1.6476
1.6476
1.6477
1.6477
1.6477
1.6477
1.6476
1.6476
1.6476
1.6475
1.6475
1.6474
1.6474
1.6473
1.6472
1.6472
1.6471
1.647
1.6469
1.6468
1.6467
1.6465
1.6464
1.6463
1.6461
1.646
1.6458
1.6456
1.6454
1.6453
1.6451
1.6449
1.6447
1.6444
1.6442
1.644
1.6437
1.6435
1.6432
1.643
1.6427
1.6424
1.6421
1.6418
1.6415
1.6412
1.6409
1.6405
1.6402
1.6398
1.6395
1.6391
1.6387
1.6383
1.638
1.6376
1.6371
1.6367
1.6363
1.6359
1.6354
1.635
1.6345
1.634
1.6336
1.6331
1.6326
1.6321
1.6315
1.631
1.6305
1.63
1.6294
1.6288
1.6283
1.6277
1.6271
1.6265
1.6259
1.6253
1.6247
1.6241
1.6234
1.6228
1.6221
1.6215
1.6208
1.6201
1.6195
1.6188
1.6181
1.6173
1.6166
1.6159
1.6152
1.6144
1.6137
1.6129
1.6121
1.6114
1.6106
1.6098
1.609
1.6082
1.6074
1.6065
1.6057
1.6049
1.604
1.6032
1.6023
1.6014
1.6005
1.5997
1.5988
1.5979
1.597
1.5961
1.5951
1.5942
1.5933
1.5923
1.5914
1.5904
1.5895
1.5885
1.5875
1.5865
1.5856
1.5846
1.5836
1.5826
1.5816
1.5805
1.5795
1.5785
1.5775
1.5764
1.5754
1.5743
1.5733
