2.7437
2.7437
2.7437
2.7437
2.7437
2.7438
2.7439
2.744
2.7442
2.7444
2.7447
2.7451
2.7455
2.746
2.7466
2.7472
2.748
2.749
2.75
2.7512
2.7526
2.7541
2.7559
2.7579
2.7601
2.7627
2.7654
2.7685
2.772
2.7757
2.7798
2.7843
2.7892
2.7945
2.8001
2.8062
2.8126
2.8194
2.8265
2.834
2.8418
2.8498
2.8581
2.8665
2.8752
2.8839
2.8926
2.9014
2.9102
2.9189
2.9275
2.936
2.9443
2.9524
2.9602
2.9679
2.9752
2.9823
2.9891
2.9957
3.0019
3.0078
3.0134
3.0188
3.0238
3.0286
3.0331
3.0373
3.0413
3.045
3.0485
3.0517
3.0547
3.0576
3.0602
3.0626
3.0649
3.067
3.0689
3.0706
3.0723
3.0738
3.0751
3.0764
3.0775
3.0785
3.0794
3.0802
3.0809
3.0816
3.0821
3.0826
3.083
3.0834
3.0836
3.0839
3.084
3.0841
3.0842
3.0842
3.0842
3.0841
3.084
3.0838
3.0836
3.0834
3.0831
3.0829
3.0825
3.0822
3.0818
3.0814
3.081
3.0806
3.0802
3.0797
3.0792
3.0787
3.0782
3.0776
3.0771
3.0765
3.076
3.0754
3.0748
3.0742
3.0736
3.0729
3.0723
3.0716
3.071
3.0703
3.0697
3.069
3.0683
3.0676
3.0669
3.0663
3.0656
3.0649
3.0641
3.0634
3.0627
3.062
3.0613
3.0606
3.0598
3.0591
3.0584
3.0576
3.0569
3.0562
3.0554
3.0547
3.054
3.0532
3.0525
3.0517
3.051
3.0502
3.0495
3.0488
3.048
3.0473
3.0465
3.0458
3.045
3.0443
3.0436
3.0428
3.0421
3.0413
3.0406
3.0399
3.0391
3.0384
3.0377
3.0369
3.0362
3.0355
3.0347
3.034
3.0333
3.0326
3.0318
3.0311
3.0304
3.0297
3.029
3.0283
3.0276
3.0268
3.0261
3.0254
3.0247
3.024
3.0233
3.0226
3.0219
3.0213
3.0206
3.0199
3.0192
3.0185
3.0178
3.0172
3.0165
3.0158
3.0151
3.0145
3.0138
3.0131
3.0125
3.0118
3.0112
3.0105
3.0099
3.0092
3.0086
3.0079
3.0073
3.0067
3.006
3.0054
3.0048
3.0042
3.0035
3.0029
3.0023
3.0017
3.0011
3.0005
2.9999
2.9993
2.9987
2.9981
2.9975
2.9969
2.9963
2.9957
2.9952
2.9946
2.994
2.9934
2.9929
2.9923
2.9918
2.9912
2.9906
2.9901
2.9895
2.989
2.9885
2.9879
2.9874
2.9868
2.9863
2.9858
2.9853
2.9847
2.9842
2.9837
2.9832
2.9827
2.9822
2.9817
2.9812
2.9807
2.9802
2.9797
2.9792
2.9787
2.9783
2.9778
2.9773
2.9768
2.9764
2.9759
2.9754
2.975
2.9745
2.9741
2.9736
2.9732
2.9727
2.9723
2.9719
2.9714
2.971
2.9706
2.9702
2.9697
2.9693
2.9689
2.9685
2.9681
2.9677
2.9673
2.9669
2.9665
2.9661
2.9657
2.9653
2.9649
2.9646
2.9642
2.9638
2.9634
2.9631
2.9627
2.9623
2.962
2.9616
2.9613
2.9609
2.9606
2.9602
2.9599
2.9596
2.9592
2.9589
2.9586
2.9583
2.9579
2.9576
2.9573
2.957
2.9567
2.9564
2.9561
2.9558
2.9555
2.9552
2.9549
2.9546
2.9543
2.954
2.9538
2.9535
2.9532
2.953
2.9527
2.9524
2.9522
2.9519
2.9517
2.9514
2.9512
2.9509
2.9507
2.9504
2.9502
2.95
2.9497
2.9495
2.9493
2.9491
2.9488
2.9486
2.9484
2.9482
2.948
2.9478
2.9476
2.9474
2.9472
2.947
2.9468
2.9466
2.9464
2.9463
2.9461
2.9459
2.9457
2.9456
2.9454
2.9452
2.9451
2.9449
2.9448
2.9446
2.9445
2.9443
2.9442
2.944
2.9439
2.9438
2.9436
2.9435
2.9434
2.9432
2.9431
2.943
2.9429
2.9428
2.9427
2.9426
2.9425
2.9424
2.9423
2.9422
2.9421
2.942
2.9419
2.9418
2.9417
2.9416
2.9416
2.9415
2.9414
2.9414
2.9413
2.9412
2.9412
2.9411
2.9411
2.941
2.941
2.9409
2.9409
2.9408
2.9408
2.9407
2.9407
2.9407
2.9407
2.9406
2.9406
2.9406
2.9406
2.9406
2.9405
2.9405
2.9405
2.9405
2.9405
2.9405
2.9405
2.9405
2.9405
2.9406
2.9406
2.9406
2.9406
2.9406
2.9407
2.9407
2.9407
2.9407
2.9408
2.9408
2.9409
2.9409
2.9409
2.941
2.941
2.9411
2.9412
2.9412
2.9413
2.9413
2.9414
2.9415
2.9415
2.9416
2.9417
2.9418
2.9419
2.9419
2.942
2.9421
2.9422
2.9423
2.9424
2.9425
2.9426
2.9427
2.9428
2.9429
2.943
2.9431
2.9433
2.9434
2.9435
2.9436
2.9438
2.9439
2.944
2.9442
2.9443
2.9444
2.9446
2.9447
2.9449
2.945
2.9452
2.9453
2.9455
2.9456
2.9458
2.946
2.9461
2.9463
2.9465
2.9466
2.9468
2.947
2.9472
2.9474
2.9475
2.9477
2.9479
2.9481
2.9483
2.9485
2.9487
2.9489
2.9491
2.9493
2.9495
2.9497
2.95
2.9502
2.9504
2.9506
2.9508
2.9511
2.9513
2.9515
2.9518
2.952
2.9522
2.9525
2.9527
2.953
2.9532
2.9535
2.9537
2.954
2.9542
2.9545
2.9547
2.955
2.9553
2.9555
2.9558
2.9561
2.9564
2.9566
2.9569
2.9572
2.9575
2.9578
2.9581
2.9584
2.9587
2.959
2.9593
2.9596
2.9599
2.9602
2.9605
2.9608
2.9611
2.9614
2.9617
2.962
2.9624
2.9627
2.963
2.9633
2.9637
2.964
2.9643
2.9647
2.965
2.9654
2.9657
2.9661
2.9664
2.9668
2.9671
2.9675
2.9678
2.9682
2.9685
2.9689
2.9693
2.9696
2.97
2.9704
2.9708
2.9711
2.9715
2.9719
2.9723
2.9727
2.9731
2.9734
2.9738
2.9742
2.9746
2.975
2.9754
2.9758
2.9762
2.9766
2.977
2.9775
2.9779
2.9783
2.9787
2.9791
2.9795
2.98
2.9804
2.9808
2.9813
2.9817
2.9821
2.9826
2.983
2.9834
2.9839
2.9843
2.9848
2.9852
2.9857
2.9861
2.9866
2.987
2.9875
2.9879
2.9884
2.9889
2.9893
2.9898
2.9903
2.9907
2.9912
2.9917
2.9922
2.9927
2.9931
2.9936
2.9941
2.9946
2.9951
2.9956
2.9961
2.9966
2.997
2.9975
2.998
2.9985
2.999
2.9996
3.0001
3.0006
3.0011
3.0016
3.0021
3.0026
3.0031
3.0037
3.0042
3.0047
3.0052
3.0057
3.0063
3.0068
3.0073
3.0079
3.0084
3.0089
3.0095
3.01
3.0106
3.0111
3.0116
3.0122
3.0127
3.0133
3.0138
3.0144
3.0149
3.0155
3.016
3.0166
3.0172
3.0177
3.0183
3.0188
3.0194
3.02
3.0205
3.0211
3.0217
3.0223
3.0228
3.0234
3.024
3.0246
3.0251
3.0257
3.0263
3.0269
3.0275
3.028
3.0286
3.0292
3.0298
3.0304
3.031
3.0316
3.0322
3.0328
3.0334
3.034
3.0346
3.0351
3.0357
3.0363
3.037
3.0376
3.0382
3.0388
3.0394
3.04
3.0406
3.0412
3.0418
3.0424
3.043
3.0436
3.0442
3.0449
3.0455
3.0461
3.0467
3.0473
3.0479
3.0486
3.0492
3.0498
3.0504
3.051
3.0517
3.0523
3.0529
3.0535
3.0541
3.0548
3.0554
3.056
3.0566
3.0573
3.0579
3.0585
3.0591
3.0598
3.0604
3.061
3.0617
3.0623
3.0629
3.0635
3.0642
3.0648
3.0654
3.0661
3.0667
3.0673
3.068
3.0686
3.0692
3.0699
3.0705
3.0711
3.0717
3.0724
3.073
3.0736
3.0743
3.0749
3.0755
3.0762
3.0768
3.0774
3.078
3.0787
3.0793
3.0799
3.0806
3.0812
3.0818
3.0824
3.0831
3.0837
3.0843
3.0849
3.0856
3.0862
3.0868
3.0874
3.088
3.0887
3.0893
3.0899
3.0905
3.0911
3.0917
3.0924
3.093
3.0936
3.0942
3.0948
3.0954
3.096
3.0966
3.0972
3.0978
3.0984
3.099
3.0996
3.1002
3.1008
3.1014
3.102
3.1026
3.1032
3.1038
3.1044
3.1049
3.1055
3.1061
3.1067
3.1073
3.1078
3.1084
3.109
3.1096
3.1101
3.1107
3.1112
3.1118
3.1124
3.1129
3.1135
3.114
3.1146
3.1151
3.1157
3.1162
3.1167
3.1173
3.1178
3.1183
3.1189
3.1194
3.1199
3.1204
3.1209
3.1215
3.122
3.1225
3.123
3.1235
3.124
3.1245
3.125
3.1254
3.1259
3.1264
3.1269
3.1274
3.1278
3.1283
3.1287
3.1292
3.1297
3.1301
3.1306
3.131
3.1314
3.1319
3.1323
3.1327
3.1331
3.1336
3.134
3.1344
3.1348
3.1352
3.1356
3.136
3.1364
3.1367
3.1371
3.1375
3.1379
3.1382
3.1386
3.1389
3.1393
3.1396
3.14
3.1403
3.1406
3.1409
3.1413
3.1416
3.1419
3.1422
3.1425
3.1428
3.1431
3.1433
3.1436
3.1439
3.1441
3.1444
3.1447
3.1449
3.1451
3.1454
3.1456
3.1458
3.1461
3.1463
3.1465
3.1467
3.1469
3.1471
3.1472
3.1474
3.1476
3.1478
3.1479
3.1481
3.1482
3.1484
3.1485
3.1486
3.1487
3.1489
3.149
3.1491
3.1492
3.1493
3.1494
3.1494
3.1495
3.1496
3.1496
3.1497
3.1497
3.1498
3.1498
3.1498
3.1499
3.1499
3.1499
3.1499
3.1499
3.1499
3.1499
3.1499
3.1498
3.1498
3.1498
3.1497
3.1497
3.1496
3.1495
3.1495
3.1494
3.1493
3.1492
3.1491
3.149
3.1489
3.1488
3.1487
3.1486
3.1485
3.1483
3.1482
3.148
3.1479
3.1477
3.1476
3.1474
3.1472
3.147
3.1469
3.1467
3.1465
3.1463
3.1461
