NumEvaluations(dimensionless) LOneError(milliseconds) APAP(dimensionless) APNoDep(dimensionless) APNoRep(dimensionless) NoDepAP(dimensionless) NoDepNoDep(dimensionless) NoDepNoRep(dimensionless) NoRepAP(dimensionless) NoRepNoDep(dimensionless) NoRepNoRep(dimensionless)
  3.48000000e+02   7.06581116e+01   8.60270000e+04   0.00000000e+00   0.00000000e+00   1.06710000e+04   0.00000000e+00   0.00000000e+00   3.30200000e+03   0.00000000e+00   0.00000000e+00 
  7.08000000e+02   5.96512299e+01   8.60270000e+04   0.00000000e+00   0.00000000e+00   1.06650000e+04   6.00000000e+00   0.00000000e+00   3.30200000e+03   0.00000000e+00   0.00000000e+00 
  1.04800000e+03   4.11656380e+01   8.60270000e+04   0.00000000e+00   0.00000000e+00   1.06650000e+04   6.00000000e+00   0.00000000e+00   3.30200000e+03   0.00000000e+00   0.00000000e+00 
  1.40200000e+03   3.41250114e+01   8.60270000e+04   0.00000000e+00   0.00000000e+00   1.06650000e+04   6.00000000e+00   0.00000000e+00   3.30200000e+03   0.00000000e+00   0.00000000e+00 
  1.75700000e+03   3.21293068e+01   8.60270000e+04   0.00000000e+00   0.00000000e+00   1.06650000e+04   6.00000000e+00   0.00000000e+00   3.30200000e+03   0.00000000e+00   0.00000000e+00 
  2.08300000e+03   3.15852165e+01   8.60270000e+04   0.00000000e+00   0.00000000e+00   1.06650000e+04   6.00000000e+00   0.00000000e+00   3.30200000e+03   0.00000000e+00   0.00000000e+00 
  2.42100000e+03   2.95249367e+01   8.60270000e+04   0.00000000e+00   0.00000000e+00   1.06650000e+04   6.00000000e+00   0.00000000e+00   3.30200000e+03   0.00000000e+00   0.00000000e+00 
  2.75300000e+03   2.88965244e+01   8.60270000e+04   0.00000000e+00   0.00000000e+00   1.06650000e+04   6.00000000e+00   0.00000000e+00   3.30200000e+03   0.00000000e+00   0.00000000e+00 
  3.07700000e+03   2.78809090e+01   8.60270000e+04   0.00000000e+00   0.00000000e+00   1.06650000e+04   6.00000000e+00   0.00000000e+00   3.30200000e+03   0.00000000e+00   0.00000000e+00 
  3.39800000e+03   2.54982357e+01   8.60270000e+04   0.00000000e+00   0.00000000e+00   1.06650000e+04   6.00000000e+00   0.00000000e+00   3.30200000e+03   0.00000000e+00   0.00000000e+00 
  3.72500000e+03   2.47021523e+01   8.60270000e+04   0.00000000e+00   0.00000000e+00   1.06650000e+04   6.00000000e+00   0.00000000e+00   3.30200000e+03   0.00000000e+00   0.00000000e+00 
  4.05200000e+03   2.24441986e+01   8.60270000e+04   0.00000000e+00   0.00000000e+00   1.06650000e+04   6.00000000e+00   0.00000000e+00   3.30200000e+03   0.00000000e+00   0.00000000e+00 
  4.37700000e+03   2.19545689e+01   8.60270000e+04   0.00000000e+00   0.00000000e+00   1.06650000e+04   6.00000000e+00   0.00000000e+00   3.30200000e+03   0.00000000e+00   0.00000000e+00 
  4.70600000e+03   2.01124878e+01   8.60270000e+04   0.00000000e+00   0.00000000e+00   1.06650000e+04   6.00000000e+00   0.00000000e+00   3.30200000e+03   0.00000000e+00   0.00000000e+00 
  5.03500000e+03   1.85128880e+01   8.60270000e+04   0.00000000e+00   0.00000000e+00   1.06650000e+04   6.00000000e+00   0.00000000e+00   3.30200000e+03   0.00000000e+00   0.00000000e+00 
  5.35500000e+03   1.79524727e+01   8.60270000e+04   0.00000000e+00   0.00000000e+00   1.06650000e+04   6.00000000e+00   0.00000000e+00   3.30200000e+03   0.00000000e+00   0.00000000e+00 
  5.67700000e+03   1.66793404e+01   8.60270000e+04   0.00000000e+00   0.00000000e+00   1.06650000e+04   6.00000000e+00   0.00000000e+00   3.30200000e+03   0.00000000e+00   0.00000000e+00 
  5.99800000e+03   1.57524977e+01   8.60270000e+04   0.00000000e+00   0.00000000e+00   1.06650000e+04   6.00000000e+00   0.00000000e+00   3.30200000e+03   0.00000000e+00   0.00000000e+00 
  6.33000000e+03   1.28365850e+01   8.60270000e+04   0.00000000e+00   0.00000000e+00   1.06650000e+04   6.00000000e+00   0.00000000e+00   3.30200000e+03   0.00000000e+00   0.00000000e+00 
  6.66300000e+03   1.08303814e+01   8.60270000e+04   0.00000000e+00   0.00000000e+00   1.06650000e+04   6.00000000e+00   0.00000000e+00   3.30200000e+03   0.00000000e+00   0.00000000e+00 
  6.98300000e+03   9.69393253e+00   8.60270000e+04   0.00000000e+00   0.00000000e+00   1.06650000e+04   6.00000000e+00   0.00000000e+00   3.30200000e+03   0.00000000e+00   0.00000000e+00 
  7.31600000e+03   9.65841484e+00   8.60270000e+04   0.00000000e+00   0.00000000e+00   1.06570000e+04   1.40000000e+01   0.00000000e+00   3.30200000e+03   0.00000000e+00   0.00000000e+00 
  7.68300000e+03   9.65496635e+00   8.60270000e+04   0.00000000e+00   0.00000000e+00   1.06550000e+04   1.60000000e+01   0.00000000e+00   3.30200000e+03   0.00000000e+00   0.00000000e+00 
  8.04000000e+03   9.65496635e+00   8.60270000e+04   0.00000000e+00   0.00000000e+00   1.06550000e+04   1.60000000e+01   0.00000000e+00   3.30200000e+03   0.00000000e+00   0.00000000e+00 
  8.39100000e+03   9.65496635e+00   8.60270000e+04   0.00000000e+00   0.00000000e+00   1.06550000e+04   1.60000000e+01   0.00000000e+00   3.30200000e+03   0.00000000e+00   0.00000000e+00 
  8.72200000e+03   9.65027809e+00   8.60270000e+04   0.00000000e+00   0.00000000e+00   1.06550000e+04   1.60000000e+01   0.00000000e+00   3.30200000e+03   0.00000000e+00   0.00000000e+00 
  9.04500000e+03   9.61995602e+00   8.60270000e+04   0.00000000e+00   0.00000000e+00   1.06550000e+04   1.60000000e+01   0.00000000e+00   3.30200000e+03   0.00000000e+00   0.00000000e+00 
  9.38300000e+03   9.58653069e+00   8.60270000e+04   0.00000000e+00   0.00000000e+00   1.06370000e+04   3.40000000e+01   0.00000000e+00   3.30200000e+03   0.00000000e+00   0.00000000e+00 
  9.70500000e+03   9.53635216e+00   8.60270000e+04   0.00000000e+00   0.00000000e+00   1.06000000e+04   7.10000000e+01   0.00000000e+00   3.30200000e+03   0.00000000e+00   0.00000000e+00 
  1.00370000e+04   9.51714325e+00   8.60270000e+04   0.00000000e+00   0.00000000e+00   1.06000000e+04   7.10000000e+01   0.00000000e+00   3.30200000e+03   0.00000000e+00   0.00000000e+00 
  1.03770000e+04   9.47027206e+00   8.60270000e+04   0.00000000e+00   0.00000000e+00   1.05870000e+04   8.40000000e+01   0.00000000e+00   3.30200000e+03   0.00000000e+00   0.00000000e+00 
  1.06990000e+04   9.41696167e+00   8.60270000e+04   0.00000000e+00   0.00000000e+00   1.05870000e+04   8.40000000e+01   0.00000000e+00   3.30200000e+03   0.00000000e+00   0.00000000e+00 
  1.10410000e+04   9.38875484e+00   8.60270000e+04   0.00000000e+00   0.00000000e+00   1.05520000e+04   1.19000000e+02   0.00000000e+00   3.30200000e+03   0.00000000e+00   0.00000000e+00 
  1.13650000e+04   9.34931278e+00   8.60270000e+04   0.00000000e+00   0.00000000e+00   1.05370000e+04   1.34000000e+02   0.00000000e+00   3.30200000e+03   0.00000000e+00   0.00000000e+00 
  1.16930000e+04   9.32444668e+00   8.60270000e+04   0.00000000e+00   0.00000000e+00   1.05250000e+04   1.46000000e+02   0.00000000e+00   3.30200000e+03   0.00000000e+00   0.00000000e+00 
  1.20170000e+04   9.28843975e+00   8.60270000e+04   0.00000000e+00   0.00000000e+00   1.05100000e+04   1.61000000e+02   0.00000000e+00   3.30200000e+03   0.00000000e+00   0.00000000e+00 
  1.23490000e+04   9.26719570e+00   8.60270000e+04   0.00000000e+00   0.00000000e+00   1.05100000e+04   1.61000000e+02   0.00000000e+00   3.30200000e+03   0.00000000e+00   0.00000000e+00 
  1.26810000e+04   9.19133949e+00   8.60270000e+04   0.00000000e+00   0.00000000e+00   1.04960000e+04   1.75000000e+02   0.00000000e+00   3.30200000e+03   0.00000000e+00   0.00000000e+00 
  1.30090000e+04   9.17971134e+00   8.60270000e+04   0.00000000e+00   0.00000000e+00   1.04960000e+04   1.75000000e+02   0.00000000e+00   3.30200000e+03   0.00000000e+00   0.00000000e+00 
  1.33410000e+04   9.08757305e+00   8.60270000e+04   0.00000000e+00   0.00000000e+00   1.04590000e+04   2.12000000e+02   0.00000000e+00   3.30200000e+03   0.00000000e+00   0.00000000e+00 
  1.36740000e+04   8.97581673e+00   8.60270000e+04   0.00000000e+00   0.00000000e+00   1.04590000e+04   2.12000000e+02   0.00000000e+00   3.30200000e+03   0.00000000e+00   0.00000000e+00 
  1.40080000e+04   8.90809822e+00   8.60270000e+04   0.00000000e+00   0.00000000e+00   1.04380000e+04   2.33000000e+02   0.00000000e+00   3.30200000e+03   0.00000000e+00   0.00000000e+00 
  1.43290000e+04   8.89777946e+00   8.60270000e+04   0.00000000e+00   0.00000000e+00   1.04380000e+04   2.33000000e+02   0.00000000e+00   3.30200000e+03   0.00000000e+00   0.00000000e+00 
  1.46650000e+04   8.87397289e+00   8.60270000e+04   0.00000000e+00   0.00000000e+00   1.04380000e+04   2.33000000e+02   0.00000000e+00   3.30200000e+03   0.00000000e+00   0.00000000e+00 
  1.49910000e+04   8.85074329e+00   8.60270000e+04   0.00000000e+00   0.00000000e+00   1.04380000e+04   2.33000000e+02   0.00000000e+00   3.30200000e+03   0.00000000e+00   0.00000000e+00 
  1.53250000e+04   8.82048702e+00   8.60270000e+04   0.00000000e+00   0.00000000e+00   1.04380000e+04   2.33000000e+02   0.00000000e+00   3.30200000e+03   0.00000000e+00   0.00000000e+00 
  1.56450000e+04   8.80752373e+00   8.60270000e+04   0.00000000e+00   0.00000000e+00   1.04380000e+04   2.33000000e+02   0.00000000e+00   3.30200000e+03   0.00000000e+00   0.00000000e+00 
  1.59650000e+04   8.79633713e+00   8.60270000e+04   0.00000000e+00   0.00000000e+00   1.04380000e+04   2.33000000e+02   0.00000000e+00   3.30200000e+03   0.00000000e+00   0.00000000e+00 
  1.62970000e+04   8.76789284e+00   8.60270000e+04   0.00000000e+00   0.00000000e+00   1.04380000e+04   2.33000000e+02   0.00000000e+00   3.30200000e+03   0.00000000e+00   0.00000000e+00 
  1.66310000e+04   8.73789692e+00   8.60270000e+04   0.00000000e+00   0.00000000e+00   1.04380000e+04   2.33000000e+02   0.00000000e+00   3.30200000e+03   0.00000000e+00   0.00000000e+00 
  1.69710000e+04   8.72237492e+00   8.60270000e+04   0.00000000e+00   0.00000000e+00   1.04380000e+04   2.33000000e+02   0.00000000e+00   3.30200000e+03   0.00000000e+00   0.00000000e+00 
  1.72950000e+04   8.66957760e+00   8.60270000e+04   0.00000000e+00   0.00000000e+00   1.04380000e+04   2.33000000e+02   0.00000000e+00   3.30200000e+03   0.00000000e+00   0.00000000e+00 
  1.76290000e+04   8.61809826e+00   8.60270000e+04   0.00000000e+00   0.00000000e+00   1.04380000e+04   2.33000000e+02   0.00000000e+00   3.30200000e+03   0.00000000e+00   0.00000000e+00 
  1.79590000e+04   8.59709358e+00   8.60270000e+04   0.00000000e+00   0.00000000e+00   1.04380000e+04   2.33000000e+02   0.00000000e+00   3.30200000e+03   0.00000000e+00   0.00000000e+00 
  1.82850000e+04   8.58590794e+00   8.60270000e+04   0.00000000e+00   0.00000000e+00   1.04380000e+04   2.33000000e+02   0.00000000e+00   3.30200000e+03   0.00000000e+00   0.00000000e+00 
  1.86250000e+04   8.55157280e+00   8.60270000e+04   0.00000000e+00   0.00000000e+00   1.04380000e+04   2.33000000e+02   0.00000000e+00   3.30200000e+03   0.00000000e+00   0.00000000e+00 
  1.89510000e+04   8.49469757e+00   8.60270000e+04   0.00000000e+00   0.00000000e+00   1.04380000e+04   2.33000000e+02   0.00000000e+00   3.30200000e+03   0.00000000e+00   0.00000000e+00 
  1.92800000e+04   8.46992111e+00   8.60270000e+04   0.00000000e+00   0.00000000e+00   1.04380000e+04   2.33000000e+02   0.00000000e+00   3.30200000e+03   0.00000000e+00   0.00000000e+00 
  1.96290000e+04   8.46775246e+00   8.60270000e+04   0.00000000e+00   0.00000000e+00   1.04310000e+04   2.40000000e+02   0.00000000e+00   3.30200000e+03   0.00000000e+00   0.00000000e+00 
  1.99510000e+04   8.42271805e+00   8.60270000e+04   0.00000000e+00   0.00000000e+00   1.03680000e+04   3.03000000e+02   0.00000000e+00   3.30200000e+03   0.00000000e+00   0.00000000e+00 
  2.02850000e+04   8.41126823e+00   8.60270000e+04   0.00000000e+00   0.00000000e+00   1.03680000e+04   3.03000000e+02   0.00000000e+00   3.30200000e+03   0.00000000e+00   0.00000000e+00 
  2.06110000e+04   8.39297771e+00   8.60270000e+04   0.00000000e+00   0.00000000e+00   1.03540000e+04   3.17000000e+02   0.00000000e+00   3.30200000e+03   0.00000000e+00   0.00000000e+00 
  2.09330000e+04   8.35826874e+00   8.60270000e+04   0.00000000e+00   0.00000000e+00   1.03200000e+04   3.51000000e+02   0.00000000e+00   3.30200000e+03   0.00000000e+00   0.00000000e+00 
  2.12650000e+04   8.34304714e+00   8.60270000e+04   0.00000000e+00   0.00000000e+00   1.03000000e+04   3.71000000e+02   0.00000000e+00   3.30200000e+03   0.00000000e+00   0.00000000e+00 
  2.15990000e+04   8.29442501e+00   8.60270000e+04   0.00000000e+00   0.00000000e+00   1.02460000e+04   4.25000000e+02   0.00000000e+00   3.30200000e+03   0.00000000e+00   0.00000000e+00 
  2.19250000e+04   8.27325535e+00   8.60270000e+04   0.00000000e+00   0.00000000e+00   1.02460000e+04   4.25000000e+02   0.00000000e+00   3.30200000e+03   0.00000000e+00   0.00000000e+00 
  2.22590000e+04   8.22672462e+00   8.60270000e+04   0.00000000e+00   0.00000000e+00   1.01950000e+04   4.76000000e+02   0.00000000e+00   3.30200000e+03   0.00000000e+00   0.00000000e+00 
  2.25900000e+04   8.19049835e+00   8.60270000e+04   0.00000000e+00   0.00000000e+00   1.01730000e+04   4.98000000e+02   0.00000000e+00   3.30200000e+03   0.00000000e+00   0.00000000e+00 
  2.29120000e+04   8.12982273e+00   8.60270000e+04   0.00000000e+00   0.00000000e+00   1.01310000e+04   5.40000000e+02   0.00000000e+00   3.30200000e+03   0.00000000e+00   0.00000000e+00 
  2.32350000e+04   8.09463692e+00   8.60270000e+04   0.00000000e+00   0.00000000e+00   1.00940000e+04   5.77000000e+02   0.00000000e+00   3.30200000e+03   0.00000000e+00   0.00000000e+00 
  2.35570000e+04   8.01969337e+00   8.60270000e+04   0.00000000e+00   0.00000000e+00   1.00370000e+04   6.34000000e+02   0.00000000e+00   3.30200000e+03   0.00000000e+00   0.00000000e+00 
  2.38980000e+04   7.97873354e+00   8.60270000e+04   0.00000000e+00   0.00000000e+00   1.00060000e+04   6.65000000e+02   0.00000000e+00   3.30200000e+03   0.00000000e+00   0.00000000e+00 
  2.42260000e+04   7.92450476e+00   8.60270000e+04   0.00000000e+00   0.00000000e+00   9.96800000e+03   7.03000000e+02   0.00000000e+00   3.30200000e+03   0.00000000e+00   0.00000000e+00 
  2.45600000e+04   7.84554100e+00   8.60270000e+04   0.00000000e+00   0.00000000e+00   9.88100000e+03   7.90000000e+02   0.00000000e+00   3.30200000e+03   0.00000000e+00   0.00000000e+00 
  2.49010000e+04   7.83246851e+00   8.60270000e+04   0.00000000e+00   0.00000000e+00   9.87100000e+03   8.00000000e+02   0.00000000e+00   3.30200000e+03   0.00000000e+00   0.00000000e+00 
  2.52330000e+04   7.82483101e+00   8.60270000e+04   0.00000000e+00   0.00000000e+00   9.87100000e+03   8.00000000e+02   0.00000000e+00   3.30200000e+03   0.00000000e+00   0.00000000e+00 
  2.55650000e+04   7.81882429e+00   8.60270000e+04   0.00000000e+00   0.00000000e+00   9.87100000e+03   8.00000000e+02   0.00000000e+00   3.30200000e+03   0.00000000e+00   0.00000000e+00 
  2.58990000e+04   7.81205845e+00   8.60270000e+04   0.00000000e+00   0.00000000e+00   9.87100000e+03   8.00000000e+02   0.00000000e+00   3.30200000e+03   0.00000000e+00   0.00000000e+00 
  2.62330000e+04   7.80717754e+00   8.60270000e+04   0.00000000e+00   0.00000000e+00   9.87100000e+03   8.00000000e+02   0.00000000e+00   3.30200000e+03   0.00000000e+00   0.00000000e+00 
  2.65590000e+04   7.79872179e+00   8.60270000e+04   0.00000000e+00   0.00000000e+00   9.87100000e+03   8.00000000e+02   0.00000000e+00   3.30200000e+03   0.00000000e+00   0.00000000e+00 
  2.68850000e+04   7.79082441e+00   8.60270000e+04   0.00000000e+00   0.00000000e+00   9.87100000e+03   8.00000000e+02   0.00000000e+00   3.30200000e+03   0.00000000e+00   0.00000000e+00 
  2.72250000e+04   7.78293610e+00   8.60270000e+04   0.00000000e+00   0.00000000e+00   9.87100000e+03   8.00000000e+02   0.00000000e+00   3.30200000e+03   0.00000000e+00   0.00000000e+00 
  2.75650000e+04   7.77688169e+00   8.60270000e+04   0.00000000e+00   0.00000000e+00   9.87100000e+03   8.00000000e+02   0.00000000e+00   3.30200000e+03   0.00000000e+00   0.00000000e+00 
  2.78910000e+04   7.77122974e+00   8.60270000e+04   0.00000000e+00   0.00000000e+00   9.87100000e+03   8.00000000e+02   0.00000000e+00   3.30200000e+03   0.00000000e+00   0.00000000e+00 
  2.82170000e+04   7.76695204e+00   8.60270000e+04   0.00000000e+00   0.00000000e+00   9.87100000e+03   8.00000000e+02   0.00000000e+00   3.30200000e+03   0.00000000e+00   0.00000000e+00 
  2.85570000e+04   7.76358795e+00   8.60270000e+04   0.00000000e+00   0.00000000e+00   9.87100000e+03   8.00000000e+02   0.00000000e+00   3.30200000e+03   0.00000000e+00   0.00000000e+00 
  2.88860000e+04   7.75792646e+00   8.60270000e+04   0.00000000e+00   0.00000000e+00   9.87100000e+03   8.00000000e+02   0.00000000e+00   3.30200000e+03   0.00000000e+00   0.00000000e+00 
  2.92160000e+04   7.75306606e+00   8.60270000e+04   0.00000000e+00   0.00000000e+00   9.87100000e+03   8.00000000e+02   0.00000000e+00   3.30200000e+03   0.00000000e+00   0.00000000e+00 
  2.95460000e+04   7.74892187e+00   8.60270000e+04   0.00000000e+00   0.00000000e+00   9.87100000e+03   8.00000000e+02   0.00000000e+00   3.30200000e+03   0.00000000e+00   0.00000000e+00 
  2.98850000e+04   7.74349165e+00   8.60270000e+04   0.00000000e+00   0.00000000e+00   9.86600000e+03   8.05000000e+02   0.00000000e+00   3.30200000e+03   0.00000000e+00   0.00000000e+00 
  3.02070000e+04   7.70124340e+00   8.60270000e+04   0.00000000e+00   0.00000000e+00   9.86600000e+03   8.05000000e+02   0.00000000e+00   3.30200000e+03   0.00000000e+00   0.00000000e+00 
  3.05390000e+04   7.68439198e+00   8.60270000e+04   0.00000000e+00   0.00000000e+00   9.84900000e+03   8.22000000e+02   0.00000000e+00   3.30200000e+03   0.00000000e+00   0.00000000e+00 
  3.08610000e+04   7.64734125e+00   8.60270000e+04   0.00000000e+00   0.00000000e+00   9.80600000e+03   8.65000000e+02   0.00000000e+00   3.30200000e+03   0.00000000e+00   0.00000000e+00 
  3.12010000e+04   7.63285446e+00   8.60270000e+04   0.00000000e+00   0.00000000e+00   9.80600000e+03   8.65000000e+02   0.00000000e+00   3.30200000e+03   0.00000000e+00   0.00000000e+00 
  3.15220000e+04   7.61456156e+00   8.60270000e+04   0.00000000e+00   0.00000000e+00   9.80100000e+03   8.70000000e+02   0.00000000e+00   3.30200000e+03   0.00000000e+00   0.00000000e+00 
  3.18490000e+04   7.58820724e+00   8.60270000e+04   0.00000000e+00   0.00000000e+00   9.80100000e+03   8.70000000e+02   0.00000000e+00   3.30200000e+03   0.00000000e+00   0.00000000e+00 
  3.21760000e+04   7.58991718e+00   8.60270000e+04   0.00000000e+00   0.00000000e+00   9.76500000e+03   9.06000000e+02   0.00000000e+00   3.30200000e+03   0.00000000e+00   0.00000000e+00 
  3.25010000e+04   7.55346918e+00   8.60270000e+04   0.00000000e+00   0.00000000e+00   9.75100000e+03   9.20000000e+02   0.00000000e+00   3.30200000e+03   0.00000000e+00   0.00000000e+00 
  3.28340000e+04   7.48418236e+00   8.60270000e+04   0.00000000e+00   0.00000000e+00   9.73000000e+03   9.41000000e+02   0.00000000e+00   3.30100000e+03   1.00000000e+00   0.00000000e+00 
  3.31690000e+04   7.42950106e+00   8.60270000e+04   0.00000000e+00   0.00000000e+00   9.71700000e+03   9.54000000e+02   0.00000000e+00   3.30100000e+03   1.00000000e+00   0.00000000e+00 
  3.35020000e+04   7.35431767e+00   8.60270000e+04   0.00000000e+00   0.00000000e+00   9.70100000e+03   9.70000000e+02   0.00000000e+00   3.30100000e+03   1.00000000e+00   0.00000000e+00 
  3.38330000e+04   7.33145571e+00   8.60270000e+04   0.00000000e+00   0.00000000e+00   9.69700000e+03   9.74000000e+02   0.00000000e+00   3.30100000e+03   1.00000000e+00   0.00000000e+00 
  3.41650000e+04   7.28311396e+00   8.60270000e+04   0.00000000e+00   0.00000000e+00   9.65600000e+03   1.01500000e+03   0.00000000e+00   3.30100000e+03   1.00000000e+00   0.00000000e+00 
  3.44910000e+04   7.23280191e+00   8.60270000e+04   0.00000000e+00   0.00000000e+00   9.64900000e+03   1.02200000e+03   0.00000000e+00   3.30100000e+03   1.00000000e+00   0.00000000e+00 
  3.48180000e+04   7.17375422e+00   8.60270000e+04   0.00000000e+00   0.00000000e+00   9.63200000e+03   1.03900000e+03   0.00000000e+00   3.30100000e+03   1.00000000e+00   0.00000000e+00 
  3.51470000e+04   7.16534758e+00   8.60270000e+04   0.00000000e+00   0.00000000e+00   9.63200000e+03   1.03900000e+03   0.00000000e+00   3.30100000e+03   1.00000000e+00   0.00000000e+00 
  3.54890000e+04   7.14345789e+00   8.60270000e+04   0.00000000e+00   0.00000000e+00   9.63200000e+03   1.03900000e+03   0.00000000e+00   3.30100000e+03   1.00000000e+00   0.00000000e+00 
  3.58130000e+04   7.12310505e+00   8.60270000e+04   0.00000000e+00   0.00000000e+00   9.63200000e+03   1.03900000e+03   0.00000000e+00   3.30100000e+03   1.00000000e+00   0.00000000e+00 
  3.61530000e+04   7.10861635e+00   8.60270000e+04   0.00000000e+00   0.00000000e+00   9.63200000e+03   1.03900000e+03   0.00000000e+00   3.30100000e+03   1.00000000e+00   0.00000000e+00 
  3.64890000e+04   7.10048389e+00   8.60270000e+04   0.00000000e+00   0.00000000e+00   9.63200000e+03   1.03900000e+03   0.00000000e+00   3.30100000e+03   1.00000000e+00   0.00000000e+00 
  3.68090000e+04   7.08280230e+00   8.60270000e+04   0.00000000e+00   0.00000000e+00   9.63200000e+03   1.03900000e+03   0.00000000e+00   3.30100000e+03   1.00000000e+00   0.00000000e+00 
  3.71330000e+04   7.06597137e+00   8.60270000e+04   0.00000000e+00   0.00000000e+00   9.63200000e+03   1.03900000e+03   0.00000000e+00   3.30100000e+03   1.00000000e+00   0.00000000e+00 
  3.74730000e+04   7.05265284e+00   8.60270000e+04   0.00000000e+00   0.00000000e+00   9.63200000e+03   1.03900000e+03   0.00000000e+00   3.30100000e+03   1.00000000e+00   0.00000000e+00 
  3.78000000e+04   7.01366568e+00   8.60270000e+04   0.00000000e+00   0.00000000e+00   9.63200000e+03   1.03900000e+03   0.00000000e+00   3.30100000e+03   1.00000000e+00   0.00000000e+00 
  3.81330000e+04   6.96505451e+00   8.60270000e+04   0.00000000e+00   0.00000000e+00   9.63200000e+03   1.03900000e+03   0.00000000e+00   3.30100000e+03   1.00000000e+00   0.00000000e+00 
  3.84550000e+04   6.94702387e+00   8.60270000e+04   0.00000000e+00   0.00000000e+00   9.63200000e+03   1.03900000e+03   0.00000000e+00   3.30100000e+03   1.00000000e+00   0.00000000e+00 
  3.87830000e+04   6.92520952e+00   8.60270000e+04   0.00000000e+00   0.00000000e+00   9.63200000e+03   1.03900000e+03   0.00000000e+00   3.30100000e+03   1.00000000e+00   0.00000000e+00 
  3.91090000e+04   6.89102125e+00   8.60270000e+04   0.00000000e+00   0.00000000e+00   9.63200000e+03   1.03900000e+03   0.00000000e+00   3.30100000e+03   1.00000000e+00   0.00000000e+00 
  3.94370000e+04   6.86774063e+00   8.60270000e+04   0.00000000e+00   0.00000000e+00   9.63200000e+03   1.03900000e+03   0.00000000e+00   3.30100000e+03   1.00000000e+00   0.00000000e+00 
  3.97690000e+04   6.86220074e+00   8.60270000e+04   0.00000000e+00   0.00000000e+00   9.62500000e+03   1.04600000e+03   0.00000000e+00   3.30100000e+03   1.00000000e+00   0.00000000e+00 
  4.01010000e+04   6.83226728e+00   8.60270000e+04   0.00000000e+00   0.00000000e+00   9.55600000e+03   1.11500000e+03   0.00000000e+00   3.30100000e+03   1.00000000e+00   0.00000000e+00 
  4.04290000e+04   6.81986904e+00   8.60270000e+04   0.00000000e+00   0.00000000e+00   9.55600000e+03   1.11500000e+03   0.00000000e+00   3.30100000e+03   1.00000000e+00   0.00000000e+00 
  4.07610000e+04   6.76510191e+00   8.60270000e+04   0.00000000e+00   0.00000000e+00   9.50400000e+03   1.16700000e+03   0.00000000e+00   3.30100000e+03   1.00000000e+00   0.00000000e+00 
  4.10890000e+04   6.75950575e+00   8.60270000e+04   0.00000000e+00   0.00000000e+00   9.49800000e+03   1.17300000e+03   0.00000000e+00   3.30100000e+03   1.00000000e+00   0.00000000e+00 
  4.14210000e+04   6.71789169e+00   8.60270000e+04   0.00000000e+00   0.00000000e+00   9.44200000e+03   1.22900000e+03   0.00000000e+00   3.30100000e+03   1.00000000e+00   0.00000000e+00 
  4.17490000e+04   6.70554161e+00   8.60270000e+04   0.00000000e+00   0.00000000e+00   9.44200000e+03   1.22900000e+03   0.00000000e+00   3.30100000e+03   1.00000000e+00   0.00000000e+00 
  4.20810000e+04   6.65979576e+00   8.60270000e+04   0.00000000e+00   0.00000000e+00   9.41100000e+03   1.26000000e+03   0.00000000e+00   3.30100000e+03   1.00000000e+00   0.00000000e+00 
  4.24140000e+04   6.63693285e+00   8.60270000e+04   0.00000000e+00   0.00000000e+00   9.41100000e+03   1.26000000e+03   0.00000000e+00   3.30100000e+03   1.00000000e+00   0.00000000e+00 
  4.27480000e+04   6.56648207e+00   8.60270000e+04   0.00000000e+00   0.00000000e+00   9.36300000e+03   1.30800000e+03   0.00000000e+00   3.30100000e+03   1.00000000e+00   0.00000000e+00 
  4.30830000e+04   6.53239679e+00   8.60270000e+04   0.00000000e+00   0.00000000e+00   9.28600000e+03   1.38500000e+03   0.00000000e+00   3.30100000e+03   1.00000000e+00   0.00000000e+00 
  4.34040000e+04   6.47620153e+00   8.60270000e+04   0.00000000e+00   0.00000000e+00   9.23900000e+03   1.43200000e+03   0.00000000e+00   3.30100000e+03   1.00000000e+00   0.00000000e+00 
  4.37300000e+04   6.41726017e+00   8.60270000e+04   0.00000000e+00   0.00000000e+00   9.20600000e+03   1.46500000e+03   0.00000000e+00   3.30100000e+03   1.00000000e+00   0.00000000e+00 
  4.40590000e+04   6.38229847e+00   8.60270000e+04   0.00000000e+00   0.00000000e+00   9.19300000e+03   1.47800000e+03   0.00000000e+00   3.30100000e+03   1.00000000e+00   0.00000000e+00 
  4.43860000e+04   6.31722975e+00   8.60270000e+04   0.00000000e+00   0.00000000e+00   9.13700000e+03   1.53400000e+03   0.00000000e+00   3.30100000e+03   1.00000000e+00   0.00000000e+00 
  4.47120000e+04   6.31028414e+00   8.60270000e+04   0.00000000e+00   0.00000000e+00   9.13700000e+03   1.53400000e+03   0.00000000e+00   3.30100000e+03   1.00000000e+00   0.00000000e+00 
  4.50380000e+04   6.30206776e+00   8.60270000e+04   0.00000000e+00   0.00000000e+00   9.13700000e+03   1.53400000e+03   0.00000000e+00   3.30100000e+03   1.00000000e+00   0.00000000e+00 
  4.53640000e+04   6.29596806e+00   8.60270000e+04   0.00000000e+00   0.00000000e+00   9.13700000e+03   1.53400000e+03   0.00000000e+00   3.30100000e+03   1.00000000e+00   0.00000000e+00 
  4.56900000e+04   6.29052877e+00   8.60270000e+04   0.00000000e+00   0.00000000e+00   9.13700000e+03   1.53400000e+03   0.00000000e+00   3.30100000e+03   1.00000000e+00   0.00000000e+00 
  4.60230000e+04   6.28134489e+00   8.60270000e+04   0.00000000e+00   0.00000000e+00   9.13700000e+03   1.53400000e+03   0.00000000e+00   3.30100000e+03   1.00000000e+00   0.00000000e+00 
  4.63630000e+04   6.27540970e+00   8.60270000e+04   0.00000000e+00   0.00000000e+00   9.13700000e+03   1.53400000e+03   0.00000000e+00   3.30100000e+03   1.00000000e+00   0.00000000e+00 
  4.67030000e+04   6.26743507e+00   8.60270000e+04   0.00000000e+00   0.00000000e+00   9.13700000e+03   1.53400000e+03   0.00000000e+00   3.30100000e+03   1.00000000e+00   0.00000000e+00 
  4.70240000e+04   6.26204920e+00   8.60270000e+04   0.00000000e+00   0.00000000e+00   9.13700000e+03   1.53400000e+03   0.00000000e+00   3.30100000e+03   1.00000000e+00   0.00000000e+00 
  4.73540000e+04   6.25720978e+00   8.60270000e+04   0.00000000e+00   0.00000000e+00   9.13700000e+03   1.53400000e+03   0.00000000e+00   3.30100000e+03   1.00000000e+00   0.00000000e+00 
  4.76840000e+04   6.25224352e+00   8.60270000e+04   0.00000000e+00   0.00000000e+00   9.13700000e+03   1.53400000e+03   0.00000000e+00   3.30100000e+03   1.00000000e+00   0.00000000e+00 
  4.80140000e+04   6.24757862e+00   8.60270000e+04   0.00000000e+00   0.00000000e+00   9.13700000e+03   1.53400000e+03   0.00000000e+00   3.30100000e+03   1.00000000e+00   0.00000000e+00 
  4.83440000e+04   6.24327660e+00   8.60270000e+04   0.00000000e+00   0.00000000e+00   9.13700000e+03   1.53400000e+03   0.00000000e+00   3.30100000e+03   1.00000000e+00   0.00000000e+00 
  4.86740000e+04   6.23899889e+00   8.60270000e+04   0.00000000e+00   0.00000000e+00   9.13700000e+03   1.53400000e+03   0.00000000e+00   3.30100000e+03   1.00000000e+00   0.00000000e+00 
  4.89950000e+04   6.23386860e+00   8.60270000e+04   0.00000000e+00   0.00000000e+00   9.12300000e+03   1.54800000e+03   0.00000000e+00   3.29200000e+03   1.00000000e+00   9.00000000e+00 
  4.93190000e+04   6.23518181e+00   8.60270000e+04   0.00000000e+00   0.00000000e+00   9.10300000e+03   1.56800000e+03   0.00000000e+00   3.26000000e+03   1.00000000e+00   4.10000000e+01 
  4.96510000e+04   6.21708679e+00   8.60270000e+04   0.00000000e+00   0.00000000e+00   9.09600000e+03   1.57500000e+03   0.00000000e+00   3.21700000e+03   1.00000000e+00   8.40000000e+01 
  4.99830000e+04   6.21456146e+00   8.60270000e+04   0.00000000e+00   0.00000000e+00   9.00100000e+03   1.67000000e+03   0.00000000e+00   3.21700000e+03   1.00000000e+00   8.40000000e+01 
  5.03110000e+04   6.20996523e+00   8.60270000e+04   0.00000000e+00   0.00000000e+00   8.99400000e+03   1.67700000e+03   0.00000000e+00   3.21700000e+03   1.00000000e+00   8.40000000e+01 
  5.06430000e+04   6.22544098e+00   8.60270000e+04   0.00000000e+00   0.00000000e+00   8.94800000e+03   1.72300000e+03   0.00000000e+00   3.21300000e+03   1.00000000e+00   8.80000000e+01 
  5.09760000e+04   6.18947697e+00   8.60270000e+04   0.00000000e+00   0.00000000e+00   8.93000000e+03   1.74100000e+03   0.00000000e+00   3.21300000e+03   1.00000000e+00   8.80000000e+01 
  5.13100000e+04   6.18846607e+00   8.60270000e+04   0.00000000e+00   0.00000000e+00   8.84500000e+03   1.82600000e+03   0.00000000e+00   3.21300000e+03   1.00000000e+00   8.80000000e+01 
  5.16390000e+04   6.19537830e+00   8.60270000e+04   0.00000000e+00   0.00000000e+00   8.83700000e+03   1.83400000e+03   0.00000000e+00   3.20400000e+03   1.00000000e+00   9.70000000e+01 
  5.19850000e+04   6.19325686e+00   8.60270000e+04   0.00000000e+00   0.00000000e+00   8.81700000e+03   1.85400000e+03   0.00000000e+00   3.11700000e+03   1.00000000e+00   1.84000000e+02 
  5.23170000e+04   6.14832258e+00   8.60270000e+04   0.00000000e+00   0.00000000e+00   8.80500000e+03   1.86600000e+03   0.00000000e+00   3.06300000e+03   1.00000000e+00   2.38000000e+02 
  5.26490000e+04   6.18178463e+00   8.60270000e+04   0.00000000e+00   0.00000000e+00   8.72200000e+03   1.94900000e+03   0.00000000e+00   3.06300000e+03   1.00000000e+00   2.38000000e+02 
  5.29770000e+04   6.17076778e+00   8.60270000e+04   0.00000000e+00   0.00000000e+00   8.72200000e+03   1.94900000e+03   0.00000000e+00   3.06300000e+03   1.00000000e+00   2.38000000e+02 
  5.33090000e+04   6.19074535e+00   8.60270000e+04   0.00000000e+00   0.00000000e+00   8.68600000e+03   1.98500000e+03   0.00000000e+00   3.02400000e+03   1.00000000e+00   2.77000000e+02 
  5.36420000e+04   6.17861176e+00   8.60270000e+04   0.00000000e+00   0.00000000e+00   8.67400000e+03   1.99700000e+03   0.00000000e+00   2.93300000e+03   1.00000000e+00   3.68000000e+02 
  5.39760000e+04   6.20140457e+00   8.60270000e+04   0.00000000e+00   0.00000000e+00   8.59900000e+03   2.07200000e+03   0.00000000e+00   2.93300000e+03   1.00000000e+00   3.68000000e+02 
  5.43080000e+04   6.18707228e+00   8.60270000e+04   0.00000000e+00   0.00000000e+00   8.59900000e+03   2.07200000e+03   0.00000000e+00   2.93300000e+03   1.00000000e+00   3.68000000e+02 
  5.46350000e+04   6.17075825e+00   8.60270000e+04   0.00000000e+00   0.00000000e+00   8.59900000e+03   2.07200000e+03   0.00000000e+00   2.89100000e+03   1.00000000e+00   4.10000000e+02 
  5.49570000e+04   6.15344095e+00   8.60270000e+04   0.00000000e+00   0.00000000e+00   8.59900000e+03   2.07200000e+03   0.00000000e+00   2.86500000e+03   1.00000000e+00   4.36000000e+02 
  5.52830000e+04   6.14215469e+00   8.60270000e+04   0.00000000e+00   0.00000000e+00   8.59900000e+03   2.07200000e+03   0.00000000e+00   2.86500000e+03   1.00000000e+00   4.36000000e+02 
  5.56090000e+04   6.12139273e+00   8.60270000e+04   0.00000000e+00   0.00000000e+00   8.59900000e+03   2.07200000e+03   0.00000000e+00   2.86500000e+03   1.00000000e+00   4.36000000e+02 
  5.59490000e+04   6.09696865e+00   8.60270000e+04   0.00000000e+00   0.00000000e+00   8.59900000e+03   2.07200000e+03   0.00000000e+00   2.86500000e+03   1.00000000e+00   4.36000000e+02 
  5.62780000e+04   6.08093119e+00   8.60270000e+04   0.00000000e+00   0.00000000e+00   8.59900000e+03   2.07200000e+03   0.00000000e+00   2.86500000e+03   1.00000000e+00   4.36000000e+02 
  5.66190000e+04   6.06016731e+00   8.60270000e+04   0.00000000e+00   0.00000000e+00   8.59900000e+03   2.07200000e+03   0.00000000e+00   2.84200000e+03   1.00000000e+00   4.59000000e+02 
  5.69610000e+04   6.00583315e+00   8.60270000e+04   0.00000000e+00   0.00000000e+00   8.59900000e+03   2.07200000e+03   0.00000000e+00   2.76000000e+03   1.00000000e+00   5.41000000e+02 
  5.72830000e+04   5.94891739e+00   8.60270000e+04   0.00000000e+00   0.00000000e+00   8.59900000e+03   2.07200000e+03   0.00000000e+00   2.67800000e+03   1.00000000e+00   6.23000000e+02 
  5.76230000e+04   5.93711948e+00   8.60270000e+04   0.00000000e+00   0.00000000e+00   8.59900000e+03   2.07200000e+03   0.00000000e+00   2.67800000e+03   1.00000000e+00   6.23000000e+02 
  5.79490000e+04   5.93155479e+00   8.60270000e+04   0.00000000e+00   0.00000000e+00   8.59900000e+03   2.07200000e+03   0.00000000e+00   2.65100000e+03   1.00000000e+00   6.50000000e+02 
  5.82820000e+04   5.92406702e+00   8.60270000e+04   0.00000000e+00   0.00000000e+00   8.59900000e+03   2.07200000e+03   0.00000000e+00   2.56900000e+03   1.00000000e+00   7.32000000e+02 
  5.86100000e+04   5.90653658e+00   8.60270000e+04   0.00000000e+00   0.00000000e+00   8.59900000e+03   2.07200000e+03   0.00000000e+00   2.52300000e+03   1.00000000e+00   7.78000000e+02 
  5.89570000e+04   5.89591217e+00   8.60270000e+04   0.00000000e+00   0.00000000e+00   8.58700000e+03   2.08400000e+03   0.00000000e+00   2.52300000e+03   1.00000000e+00   7.78000000e+02 
  5.92890000e+04   5.87608671e+00   8.60270000e+04   0.00000000e+00   0.00000000e+00   8.51000000e+03   2.16100000e+03   0.00000000e+00   2.52300000e+03   1.00000000e+00   7.78000000e+02 
  5.96170000e+04   5.87390900e+00   8.60270000e+04   0.00000000e+00   0.00000000e+00   8.50700000e+03   2.16400000e+03   0.00000000e+00   2.52300000e+03   1.00000000e+00   7.78000000e+02 
  5.99490000e+04   5.82019520e+00   8.60270000e+04   0.00000000e+00   0.00000000e+00   8.44400000e+03   2.22700000e+03   0.00000000e+00   2.52300000e+03   1.00000000e+00   7.78000000e+02 
  6.02820000e+04   5.81422853e+00   8.60270000e+04   0.00000000e+00   0.00000000e+00   8.43600000e+03   2.23500000e+03   0.00000000e+00   2.52300000e+03   1.00000000e+00   7.78000000e+02 
  6.06160000e+04   5.79651356e+00   8.60270000e+04   0.00000000e+00   0.00000000e+00   8.36300000e+03   2.30800000e+03   0.00000000e+00   2.52300000e+03   1.00000000e+00   7.78000000e+02 
  6.09510000e+04   5.76424026e+00   8.60270000e+04   0.00000000e+00   0.00000000e+00   8.32000000e+03   2.35100000e+03   0.00000000e+00   2.52300000e+03   1.00000000e+00   7.78000000e+02 
  6.12720000e+04   5.75004959e+00   8.60270000e+04   0.00000000e+00   0.00000000e+00   8.29300000e+03   2.37800000e+03   0.00000000e+00   2.52300000e+03   1.00000000e+00   7.78000000e+02 
  6.16070000e+04   5.75634813e+00   8.60270000e+04   0.00000000e+00   0.00000000e+00   8.22900000e+03   2.44200000e+03   0.00000000e+00   2.52300000e+03   1.00000000e+00   7.78000000e+02 
  6.19320000e+04   5.75711727e+00   8.60270000e+04   0.00000000e+00   0.00000000e+00   8.20600000e+03   2.46500000e+03   0.00000000e+00   2.52300000e+03   1.00000000e+00   7.78000000e+02 
  6.22670000e+04   5.74991417e+00   8.60270000e+04   0.00000000e+00   0.00000000e+00   8.14100000e+03   2.53000000e+03   0.00000000e+00   2.52300000e+03   1.00000000e+00   7.78000000e+02 
  6.25920000e+04   5.74718237e+00   8.60270000e+04   0.00000000e+00   0.00000000e+00   8.11500000e+03   2.55600000e+03   0.00000000e+00   2.52300000e+03   1.00000000e+00   7.78000000e+02 
  6.29180000e+04   5.76097345e+00   8.60270000e+04   0.00000000e+00   0.00000000e+00   8.02300000e+03   2.64800000e+03   0.00000000e+00   2.52300000e+03   1.00000000e+00   7.78000000e+02 
  6.32470000e+04   5.75523329e+00   8.60270000e+04   0.00000000e+00   0.00000000e+00   8.00300000e+03   2.66800000e+03   0.00000000e+00   2.52300000e+03   1.00000000e+00   7.78000000e+02 
  6.35740000e+04   5.74998569e+00   8.60270000e+04   0.00000000e+00   0.00000000e+00   7.92900000e+03   2.74200000e+03   0.00000000e+00   2.52300000e+03   1.00000000e+00   7.78000000e+02 
  6.39010000e+04   5.74744177e+00   8.60270000e+04   0.00000000e+00   0.00000000e+00   7.92900000e+03   2.74200000e+03   0.00000000e+00   2.52300000e+03   1.00000000e+00   7.78000000e+02 
  6.42410000e+04   5.74443483e+00   8.60270000e+04   0.00000000e+00   0.00000000e+00   7.92900000e+03   2.74200000e+03   0.00000000e+00   2.52300000e+03   1.00000000e+00   7.78000000e+02 
  6.45670000e+04   5.74254084e+00   8.60270000e+04   0.00000000e+00   0.00000000e+00   7.92900000e+03   2.74200000e+03   0.00000000e+00   2.52300000e+03   1.00000000e+00   7.78000000e+02 
  6.48930000e+04   5.74081373e+00   8.60270000e+04   0.00000000e+00   0.00000000e+00   7.92900000e+03   2.74200000e+03   0.00000000e+00   2.52300000e+03   1.00000000e+00   7.78000000e+02 
  6.52230000e+04   5.73753500e+00   8.60270000e+04   0.00000000e+00   0.00000000e+00   7.92900000e+03   2.74200000e+03   0.00000000e+00   2.52300000e+03   1.00000000e+00   7.78000000e+02 
  6.55530000e+04   5.73492002e+00   8.60270000e+04   0.00000000e+00   0.00000000e+00   7.92900000e+03   2.74200000e+03   0.00000000e+00   2.52300000e+03   1.00000000e+00   7.78000000e+02 
  6.58750000e+04   5.73307371e+00   8.60270000e+04   0.00000000e+00   0.00000000e+00   7.92900000e+03   2.74200000e+03   0.00000000e+00   2.52300000e+03   1.00000000e+00   7.78000000e+02 
  6.62150000e+04   5.73049450e+00   8.60270000e+04   0.00000000e+00   0.00000000e+00   7.92900000e+03   2.74200000e+03   0.00000000e+00   2.52300000e+03   1.00000000e+00   7.78000000e+02 